timestamp,acc_x,acc_y,acc_z,gyro_x,gyro_y,gyro_z
0,-4,-249,-71,-32,59,1
5,-4,-247,-73,-33,62,-2
10,-6,-249,-74,-35,63,-1
15,-5,-248,-74,-35,64,-3
20,-1,-247,-72,-35,66,-1
25,-1,-253,-70,-35,67,-4
30,-2,-249,-71,-33,69,-3
35,-5,-250,-72,-32,68,-4
40,-6,-249,-72,-29,67,-2
45,-6,-250,-74,-23,64,-5
50,-4,-247,-70,-22,60,-2
55,-6,-249,-74,-19,58,-4
60,-7,-248,-74,-18,57,-3
65,-2,-247,-75,-15,58,-2
70,-2,-248,-74,-13,58,-2
75,-4,-249,-73,-13,59,-3
80,-4,-248,-75,-10,60,1
85,-2,-249,-76,-9,63,-2
90,-5,-248,-75,-9,65,1
95,-4,-246,-74,-11,66,-1
100,-2,-245,-73,-13,68,0
105,0,-248,-76,-17,69,-2
110,-3,-248,-71,-20,71,1
115,-5,-247,-74,-21,69,2
120,-7,-247,-76,-21,69,3
125,-3,-247,-72,-20,70,0
130,-9,-245,-68,-17,67,3
135,11,-246,-55,-14,69,0
140,-2,-252,-69,-14,67,3
145,4,-243,-74,-13,65,1
150,-4,-248,-75,-17,64,6
155,-5,-239,-78,-18,65,4
160,-7,-248,-80,-22,66,7
165,-3,-244,-62,-23,67,5
170,-3,-255,-64,-25,69,8
175,-7,-242,-88,-27,71,7
180,-2,-245,-72,-30,70,11
185,-4,-244,-77,-36,70,9
190,-6,-244,-74,-43,68,12
195,-7,-246,-75,-48,68,8
200,4,-242,-81,-56,67,10
205,-5,-248,-75,-61,66,7
210,-5,-246,-75,-65,64,9
215,-6,-249,-75,-66,62,4
220,-6,-247,-76,-64,61,7
225,-4,-250,-75,-60,60,6
230,-4,-252,-74,-49,59,9
235,-2,-249,-73,-39,60,8
240,-4,-249,-73,-32,61,11
245,-3,-250,-76,-26,57,9
250,-3,-249,-77,-23,60,10
255,-3,-247,-77,-23,59,7
260,-7,-245,-76,-26,61,9
265,-4,-244,-71,-32,63,4
270,-3,-248,-77,-37,64,5
275,-3,-248,-75,-43,65,0
280,-5,-248,-76,-47,66,-2
285,-5,-247,-70,-51,63,-6
290,-5,-250,-76,-53,61,-6
295,-3,-247,-79,-52,58,-10
300,-5,-248,-74,-51,56,-9
305,-6,-248,-77,-47,55,-11
310,-6,-250,-77,-43,51,-8
315,-2,-246,-76,-42,50,-7
320,-4,-246,-80,-40,50,-5
325,-5,-246,-76,-38,52,-5
330,-4,-250,-75,-38,53,-6
335,-6,-246,-74,-37,54,-6
340,-3,-248,-77,-39,56,-5
345,-2,-246,-71,-41,55,-5
350,-7,-248,-75,-45,53,-5
355,-5,-248,-75,-48,51,-7
360,-5,-246,-77,-50,48,-6
365,-5,-247,-79,-53,45,-7
370,-3,-248,-77,-53,43,-7
375,-6,-248,-76,-52,41,-7
380,-6,-249,-81,-51,39,-8
385,-7,-247,-79,-47,37,-8
390,-5,-251,-75,-44,35,-8
395,-2,-251,-77,-37,35,-8
400,-4,-249,-80,-32,37,-9
405,-1,-249,-78,-27,40,-10
410,-2,-254,-75,-22,40,-12
415,-3,-248,-77,-18,41,-14
420,-4,-248,-73,-14,38,-15
425,-2,-248,-74,-8,35,-16
430,-4,-249,-78,-5,33,-16
435,-4,-249,-74,-1,28,-15
440,-5,-248,-78,-1,24,-16
445,-6,-248,-74,1,21,-14
450,-5,-249,-76,0,19,-13
455,-6,-249,-75,-1,17,-12
460,-8,-247,-75,-1,16,-10
465,-5,-243,-74,-3,15,-8
470,-6,-244,-76,-8,17,-7
475,-2,-243,-74,-14,18,-5
480,-5,-244,-74,-23,22,-4
485,-7,-241,-78,-31,25,-3
490,-1,-242,-79,-38,28,-4
495,-4,-245,-74,-50,30,-4
500,0,-244,-79,-55,34,-5
505,-1,-246,-75,-59,35,-5
510,-3,-245,-73,-59,36,-8
515,0,-248,-78,-57,36,-7
520,-4,-248,-74,-55,37,-11
525,-1,-246,-76,-54,38,-11
530,-2,-248,-80,-54,41,-14
535,-1,-248,-77,-56,42,-12
540,-2,-250,-80,-58,43,-14
545,-4,-247,-79,-57,45,-15
550,-3,-249,-82,-58,45,-16
555,-2,-249,-76,-56,46,-14
560,-1,-248,-80,-53,46,-16
565,-3,-248,-77,-48,46,-13
570,-5,-250,-80,-44,42,-15
575,-4,-251,-81,-38,39,-12
580,-4,-249,-76,-34,36,-12
585,-5,-249,-74,-29,33,-8
590,-4,-250,-78,-20,29,-8
595,-2,-247,-76,-15,31,-3
600,-5,-247,-78,-10,31,-5
605,-4,-248,-79,-6,31,-4
610,-4,-247,-79,-3,33,-5
615,-4,-247,-76,0,33,-3
620,-5,-247,-75,0,33,-6
625,-5,-249,-78,1,34,-3
630,-4,-247,-77,-1,32,-6
635,-5,-249,-73,-7,32,-4
640,-5,-247,-79,-12,30,-8
645,-6,-250,-75,-13,29,-4
650,-3,-246,-73,-13,27,-6
655,-5,-249,-76,-13,27,-2
660,-9,-247,-79,-11,28,-4
665,-8,-245,-75,-9,29,-2
670,-6,-246,-76,-5,30,-3
675,-4,-247,-75,-4,30,0
680,-4,-249,-77,-2,31,-3
685,-3,-248,-76,-4,31,0
690,-4,-249,-81,-4,32,-3
695,-3,-247,-77,-3,33,0
700,-4,-247,-76,-1,35,-2
705,0,-248,-74,2,35,0
710,-2,-247,-81,2,37,-2
715,-4,-246,-76,3,35,0
720,-3,-249,-79,0,35,-3
725,-3,-248,-75,-2,34,-3
730,-2,-249,-79,-2,36,-7
735,-5,-247,-80,1,33,-3
740,-4,-250,-81,4,35,-4
745,-3,-245,-77,10,37,-4
750,-3,-247,-77,14,37,-4
755,-6,-246,-76,14,37,-1
760,-2,-248,-81,13,39,-2
765,-4,-246,-76,9,40,-1
770,-3,-245,-79,4,42,-2
775,-3,-246,-80,0,41,-1
780,-4,-244,-76,-4,41,-4
785,-4,-244,-77,-6,40,-3
790,-3,-247,-74,-9,42,-4
795,-2,-248,-73,-10,41,-1
800,-3,-248,-77,-11,41,-2
805,-2,-246,-73,-10,41,-3
810,-5,-246,-80,-10,43,-5
815,-3,-247,-82,-9,44,-4
820,0,-246,-81,-7,49,-4
825,-3,-247,-78,-7,52,-3
830,-1,-244,-81,-7,54,-5
835,-2,-247,-82,-5,57,-4
840,-3,-247,-79,-2,59,-7
845,-1,-249,-79,0,60,-6
850,-1,-248,-80,0,61,-7
855,-3,-248,-79,0,63,-4
860,-1,-246,-80,4,65,-4
865,0,-246,-78,6,66,-4
870,-2,-244,-78,8,67,-7
875,-2,-244,-78,12,68,-5
880,-2,-245,-74,11,67,-7
885,1,-245,-78,10,67,-5
890,-4,-244,-77,9,67,-6
895,-3,-246,-81,3,64,-4
900,-2,-248,-78,-1,62,-4
905,-7,-244,-76,-6,61,-3
910,-7,-244,-77,-10,60,-2
915,-4,-246,-77,-14,61,-2
920,-4,-246,-77,-16,60,-2
925,-3,-249,-77,-16,61,-1
930,-4,-248,-78,-13,60,-1
935,-5,-248,-78,-9,60,0
940,-2,-247,-79,-5,62,0
945,-5,-247,-73,-1,60,-1
950,-3,-248,-78,2,63,-1
955,-4,-250,-80,3,63,0
960,-1,-248,-83,4,62,-1
965,-6,-248,-77,4,63,-1
970,-4,-248,-78,2,64,-1
975,-2,-248,-77,2,65,0
980,-4,-248,-78,3,66,-1
985,-4,-248,-77,2,68,0
990,-4,-247,-74,4,68,0
995,-4,-243,-81,8,69,0
1000,-3,-246,-77,7,69,1
1005,-1,-247,-79,8,70,-1
1010,-1,-245,-79,7,69,-1
1015,-2,-243,-81,5,71,1
1020,-3,-243,-81,1,71,1
1025,-2,-245,-81,-1,71,0
1030,-1,-243,-75,-5,71,2
1035,-4,-245,-78,-7,74,0
1040,-2,-244,-77,-9,74,1
1045,-1,-246,-75,-8,76,-1
1050,-4,-244,-80,-10,79,2
1055,-3,-244,-77,-12,80,1
1060,-2,-243,-80,-18,81,0
1065,-3,-246,-79,-22,81,0
1070,-5,-246,-72,-23,80,1
1075,-3,-245,-79,-25,82,-2
1080,-6,-244,-76,-26,81,1
1085,-6,-250,-79,-27,81,-1
1090,-7,-248,-76,-26,79,0
1095,-4,-247,-77,-26,77,-2
1100,-9,-247,-76,-26,77,-1
1105,-8,-245,-81,-24,73,-1
1110,-8,-247,-79,-21,72,0
1115,-6,-252,-76,-18,72,-2
1120,-7,-247,-79,-14,72,0
1125,-9,-249,-77,-10,71,0
1130,-5,-248,-77,-4,71,3
1135,-5,-246,-76,1,73,1
1140,-5,-249,-75,5,72,3
1145,-6,-246,-76,6,72,-1
1150,-5,-246,-78,7,73,1
1155,-8,-247,-77,5,72,-1
1160,-7,-243,-76,2,71,1
1165,-7,-242,-75,-2,71,-2
1170,-5,-245,-76,-7,70,1
1175,-6,-245,-77,-11,67,-2
1180,-7,-245,-76,-17,67,-1
1185,-4,-244,-77,-24,67,-4
1190,-6,-244,-72,-31,65,-3
1195,-6,-245,-74,-37,66,-5
1200,-6,-244,-73,-42,67,-2
1205,-5,-247,-75,-46,68,-4
1210,-6,-245,-79,-48,68,-4
1215,-4,-247,-75,-48,69,-5
1220,-4,-250,-75,-46,69,-2
1225,-7,-248,-75,-43,69,-3
1230,-3,-251,-76,-41,67,0
1235,-4,-249,-79,-37,66,-2
1240,-6,-248,-79,-30,65,1
1245,-5,-249,-77,-20,64,-3
1250,-4,-248,-77,-14,63,1
1255,-4,-250,-81,-8,62,-1
1260,-3,-246,-75,-7,62,1
1265,-8,-243,-78,-9,64,-3
1270,-7,-243,-73,-13,63,-1
1275,-5,-243,-78,-19,64,-5
1280,-4,-246,-73,-26,65,-3
1285,-4,-244,-76,-36,65,-5
1290,-4,-247,-76,-44,66,-3
1295,-5,-246,-81,-50,66,-6
1300,-6,-245,-79,-52,66,-3
1305,-5,-247,-74,-50,67,-5
1310,-5,-247,-78,-46,66,-3
1315,-4,-247,-75,-39,65,-4
1320,-3,-248,-75,-32,65,-2
1325,-3,-248,-78,-28,66,-4
1330,-2,-251,-77,-24,67,-2
1335,-4,-249,-77,-23,65,-4
1340,-4,-248,-77,-23,64,-4
1345,-1,-250,-77,-21,65,-5
1350,-3,-251,-75,-21,65,-1
1355,-3,-248,-75,-18,65,-2
1360,-3,-247,-74,-15,66,0
1365,-5,-248,-78,-11,66,0
1370,-6,-243,-78,-9,66,2
1375,-4,-248,-79,-7,67,3
1380,-4,-247,-75,-5,68,5
1385,-4,-247,-76,-6,66,4
1390,-4,-245,-73,-8,64,6
1395,-5,-246,-77,-10,64,4
1400,-6,-247,-73,-12,63,4
1405,-5,-245,-77,-18,61,5
1410,-5,-246,-76,-21,60,5
1415,-4,-247,-72,-27,58,3
1420,-5,-248,-79,-32,58,4
1425,-3,-247,-79,-36,59,4
1430,-3,-245,-79,-38,58,7
1435,-2,-247,-80,-36,58,5
1440,-2,-250,-82,-33,57,6
1445,-7,-248,-77,-30,56,4
1450,-4,-248,-81,-25,57,6
1455,-4,-248,-78,-20,55,5
1460,-5,-250,-78,-16,54,6
1465,-3,-247,-80,-11,56,3
1470,-4,-246,-75,-7,58,3
1475,-4,-248,-81,-5,59,3
1480,-5,-247,-77,-4,60,2
1485,-4,-246,-79,-4,60,1
1490,-3,-247,-72,-4,62,0
1495,-3,-246,-78,-3,63,-1
1500,-5,-246,-78,-5,64,0
1505,-5,-243,-75,-6,65,-2
1510,-6,-245,-80,-6,66,-3
1515,-9,-241,-77,-10,63,-3
1520,-5,-245,-83,-16,59,-3
1525,-5,-246,-76,-20,56,-5
1530,-4,-244,-79,-23,56,-4
1535,-4,-245,-77,-25,52,-3
1540,-5,-245,-78,-28,48,-4
1545,-2,-247,-76,-27,48,-3
1550,-5,-244,-81,-26,48,-4
1555,-5,-247,-78,-26,47,-3
1560,-6,-246,-78,-25,46,-4
1565,-2,-248,-78,-24,49,-3
1570,-5,-248,-77,-25,49,-5
1575,-5,-248,-76,-22,50,-4
1580,-5,-249,-79,-22,48,-5
1585,-4,-246,-75,-21,49,-3
1590,-2,-247,-78,-22,47,-4
1595,-5,-247,-75,-21,47,-2
1600,-3,-250,-75,-17,48,-3
1605,-3,-246,-78,-15,49,-2
1610,-6,-246,-73,-12,49,-6
1615,-3,-248,-75,-8,51,-4
1620,-5,-244,-79,-4,51,-4
1625,-2,-248,-76,-3,52,-5
1630,-4,-244,-79,-7,51,-7
1635,-4,-244,-80,-11,49,-7
1640,-5,-246,-74,-15,50,-9
1645,-6,-245,-81,-19,48,-6
1650,-7,-244,-78,-22,49,-8
1655,-4,-248,-77,-25,48,-5
1660,-2,-247,-80,-28,48,-6
1665,-2,-247,-74,-28,47,-6
1670,-2,-246,-77,-27,47,-8
1675,-3,-247,-77,-27,46,-6
1680,-5,-243,-77,-27,46,-9
1685,-4,-247,-72,-26,47,-7
1690,-5,-245,-76,-28,46,-8
1695,-5,-245,-77,-28,46,-6
1700,-3,-246,-78,-27,47,-10
1705,-4,-246,-73,-29,46,-8
1710,-7,-247,-77,-29,47,-10
1715,-8,-245,-72,-30,46,-8
1720,-3,-248,-77,-31,45,-11
1725,-4,-249,-79,-30,45,-8
1730,-4,-247,-79,-27,45,-11
1735,-5,-248,-76,-25,45,-7
1740,-6,-249,-75,-20,45,-10
1745,-2,-252,-77,-15,45,-9
1750,-5,-248,-77,-10,44,-9
1755,-4,-248,-76,-7,43,-6
1760,-3,-248,-79,-4,42,-9
1765,-3,-247,-76,-1,45,-5
1770,-1,-250,-80,0,43,-6
1775,-6,-246,-76,1,42,-4
1780,-5,-247,-76,4,43,-6
1785,-3,-249,-78,5,41,-5
1790,-6,-246,-77,6,40,-8
1795,-3,-247,-76,6,40,-5
1800,-5,-245,-77,3,44,-8
1805,-3,-244,-81,2,46,-7
1810,-4,-249,-77,-2,45,-9
1815,-2,-245,-79,-5,46,-7
1820,-6,-245,-79,-10,46,-10
1825,-4,-246,-76,-13,45,-8
1830,-7,-245,-78,-13,42,-10
1835,-5,-247,-80,-13,42,-6
1840,-5,-245,-76,-11,40,-9
1845,-4,-244,-77,-10,37,-6
1850,-4,-250,-76,-8,37,-7
1855,-4,-249,-77,-6,36,-4
1860,-3,-245,-79,-5,34,-5
1865,-4,-247,-76,-2,31,-3
1870,-5,-246,-77,-2,32,-6
1875,-6,-249,-77,-2,32,-6
1880,-6,-247,-80,-2,31,-8
1885,-2,-246,-76,-2,32,-7
1890,-4,-248,-75,0,33,-11
1895,-3,-247,-78,0,33,-11
1900,-4,-247,-77,1,34,-13
1905,-3,-246,-76,-1,37,-10
1910,-3,-245,-83,-1,37,-12
1915,-5,-249,-79,-1,37,-9
1920,-3,-248,-80,-3,36,-12
1925,-3,-246,-79,-4,35,-10
1930,-5,-246,-78,-5,36,-11
1935,-5,-247,-79,-4,37,-9
1940,-2,-247,-75,-3,39,-9
1945,-3,-247,-76,-3,43,-9
1950,-5,-247,-79,-3,44,-12
1955,-2,-251,-76,-6,47,-11
1960,-5,-247,-74,-8,47,-13
1965,-6,-248,-78,-11,49,-13
1970,0,-251,-79,-13,49,-15
1975,-3,-246,-77,-15,50,-15
1980,-4,-246,-77,-14,49,-14
1985,-5,-250,-79,-12,48,-14
1990,-3,-248,-77,-8,46,-14
1995,-2,-247,-75,-3,43,-11
2000,-1,-248,-77,0,41,-11
2005,-1,-247,-76,1,39,-9
2010,-3,-244,-80,1,38,-10
2015,-3,-248,-81,-2,38,-11
2020,-5,-243,-77,-5,37,-12
2025,-3,-245,-75,-11,37,-12
2030,-5,-243,-76,-17,37,-14
2035,-6,-246,-79,-24,39,-15
2040,-8,-246,-82,-27,38,-15
2045,-4,-248,-78,-29,41,-14
2050,-4,-250,-74,-29,37,-15
2055,-3,-246,-75,-25,35,-12
2060,-6,-246,-74,-17,31,-12
2065,-1,-248,-76,-13,28,-11
2070,-2,-247,-78,-8,25,-9
2075,-6,-248,-80,-4,22,-10
2080,-3,-249,-80,-4,21,-9
2085,-4,-250,-76,-5,24,-9
2090,-2,-253,-79,-8,26,-8
2095,-1,-253,-86,-9,30,-8
2100,9,-250,-73,-8,35,-8
2105,9,-249,-92,-4,41,-7
2110,-3,-251,-78,0,46,-6
2115,6,-255,-82,7,50,-9
2120,-4,-254,-70,14,49,-8
2125,-1,-249,-73,20,48,-8
2130,-6,-243,-81,21,45,-5
2135,-9,-244,-77,13,42,-5
2140,3,-239,-91,4,44,-5
2145,-1,-251,-80,-8,47,-7
2150,-3,-239,-69,-20,49,-7
2155,-5,-239,-83,-29,53,-10
2160,-1,-234,-99,-35,54,-10
2165,-4,-244,-95,-38,57,-13
2170,-2,-243,-81,-34,62,-10
2175,-2,-248,-80,-31,65,-12
2180,6,-252,-71,-29,64,-11
2185,0,-250,-60,-25,64,-11
2190,-8,-252,-68,-22,61,-8
2195,7,-254,-87,-16,56,-8
2200,-4,-249,-79,-12,52,-5
2205,7,-244,-93,-8,47,-5
2210,-10,-242,-77,-4,45,-2
2215,0,-247,-80,-7,43,-6
2220,-6,-245,-86,-10,43,-3
2225,-3,-247,-80,-12,42,-6
2230,-4,-247,-81,-14,41,-6
2235,-5,-247,-79,-14,45,-7
2240,-6,-249,-82,-15,49,-8
2245,-5,-245,-79,-12,54,-11
2250,1,-255,-81,-9,56,-9
2255,8,-249,-79,0,56,-12
2260,-5,-246,-83,11,57,-8
2265,-9,-242,-95,22,53,-10
2270,6,-250,-79,30,49,-5
2275,-4,-250,-73,39,45,-5
2280,-7,-247,-83,43,43,0
2285,-2,-250,-84,44,40,-2
2290,5,-252,-89,43,37,2
2295,1,-245,-83,41,33,-2
2300,3,-250,-85,37,29,0
2305,0,-247,-91,31,27,-4
2310,4,-259,-75,28,27,-4
2315,5,-238,-72,26,30,-6
2320,0,-248,-76,26,37,-5
2325,2,-243,-79,27,43,-8
2330,4,-242,-98,30,48,-5
2335,6,-243,-96,35,52,-6
2340,2,-249,-77,41,54,-3
2345,2,-249,-70,44,56,-4
2350,-6,-244,-80,43,56,0
2355,5,-245,-84,40,57,-2
2360,-2,-245,-75,33,59,1
2365,-5,-242,-88,27,59,-1
2370,2,-250,-83,23,59,1
2375,-6,-246,-84,24,57,0
2380,0,-243,-83,28,60,3
2385,-5,-245,-83,27,60,2
2390,-1,-242,-80,25,64,6
2395,-1,-243,-84,20,65,4
2400,3,-243,-71,14,69,6
2405,2,-247,-68,7,71,5
2410,-4,-236,-89,1,72,6
2415,5,-244,-90,-5,74,3
2420,1,-235,-84,-14,76,3
2425,3,-248,-79,-19,75,0
2430,-7,-238,-88,-26,71,4
2435,-3,-243,-82,-36,67,2
2440,-7,-251,-69,-43,63,3
2445,-3,-241,-85,-48,55,1
2450,-2,-243,-87,-44,47,1
2455,-6,-242,-84,-36,43,-2
2460,-5,-249,-87,-30,39,-1
2465,-11,-245,-87,-30,38,-5
2470,-3,-240,-93,-34,37,-3
2475,2,-236,-91,-39,33,-4
2480,-6,-242,-86,-46,29,1
2485,-14,-241,-90,-54,24,2
2490,-8,-236,-96,-62,18,6
2495,-9,-236,-91,-72,11,5
2500,-3,-244,-99,-83,5,7
2505,-9,-236,-99,-90,-2,4
2510,-10,-227,-86,-101,-9,5
2515,-9,-233,-100,-109,-14,1
2520,-7,-228,-96,-119,-18,2
2525,3,-235,-109,-129,-21,-2
2530,0,-232,-97,-136,-29,-1
2535,-7,-233,-104,-144,-34,-3
2540,-4,-229,-99,-149,-41,-1
2545,-6,-229,-109,-156,-47,-3
2550,-5,-227,-106,-167,-51,-3
2555,-6,-228,-106,-183,-55,-5
2560,-3,-229,-98,-206,-59,-3
2565,-4,-234,-108,-225,-67,-5
2570,1,-228,-112,-246,-72,-5
2575,-13,-213,-109,-266,-77,-6
2580,-4,-221,-105,-287,-84,-6
2585,-4,-213,-114,-307,-87,-9
2590,-7,-217,-109,-324,-91,-10
2595,-2,-207,-118,-338,-94,-13
2600,-5,-224,-104,-352,-94,-18
2605,-5,-217,-100,-372,-92,-23
2610,11,-217,-111,-387,-89,-27
2615,-9,-215,-103,-405,-87,-31
2620,-3,-216,-97,-419,-84,-34
2625,-6,-218,-96,-434,-83,-37
2630,2,-211,-97,-450,-82,-37
2635,4,-207,-104,-468,-81,-37
2640,0,-201,-123,-486,-80,-40
2645,-3,-206,-115,-503,-76,-43
2650,-4,-205,-104,-531,-68,-49
2655,16,-200,-106,-554,-60,-53
2660,3,-203,-105,-578,-51,-57
2665,1,-207,-84,-600,-42,-59
2670,0,-209,-95,-623,-30,-62
2675,7,-198,-103,-647,-21,-63
2680,0,-206,-94,-670,-14,-66
2685,9,-206,-100,-694,-10,-64
2690,1,-181,-102,-719,-7,-63
2695,-3,-195,-107,-744,-4,-60
2700,-2,-197,-116,-777,-2,-56
2705,2,-196,-114,-807,0,-49
2710,4,-196,-121,-839,6,-41
2715,6,-191,-120,-879,12,-30
2720,19,-194,-96,-923,16,-19
2725,1,-199,-124,-968,19,-5
2730,7,-200,-120,-1009,24,5
2735,16,-180,-130,-1053,27,18
2740,12,-188,-128,-1092,33,26
2745,20,-182,-130,-1133,42,36
2750,6,-195,-119,-1157,44,40
2755,8,-187,-122,-1170,45,48
2760,7,-188,-121,-1176,38,54
2765,7,-192,-90,-1169,26,61
2770,10,-197,-101,-1155,7,60
2775,-4,-204,-89,-1135,-17,59
2780,4,-190,-104,-1113,-47,50
2785,-6,-189,-116,-1097,-81,40
2790,-13,-189,-125,-1087,-121,20
2795,-19,-194,-114,-1093,-153,-1
2800,-23,-184,-128,-1110,-180,-27
2805,-15,-194,-133,-1135,-200,-51
2810,-28,-178,-139,-1166,-210,-84
2815,-29,-188,-144,-1196,-208,-111
2820,-28,-188,-144,-1225,-196,-143
2825,-17,-192,-146,-1251,-171,-170
2830,-17,-190,-145,-1272,-143,-198
2835,-7,-180,-142,-1283,-99,-220
2840,-12,-188,-134,-1287,-56,-235
2845,5,-189,-155,-1288,-13,-237
2850,11,-194,-125,-1288,38,-233
2855,3,-183,-133,-1292,84,-217
2860,20,-177,-115,-1305,124,-196
2865,29,-188,-124,-1323,160,-169
2870,33,-186,-128,-1349,185,-147
2875,36,-188,-132,-1381,205,-116
2880,42,-190,-133,-1411,213,-85
2885,41,-185,-134,-1435,210,-57
2890,42,-194,-138,-1449,196,-31
2895,41,-198,-130,-1451,173,-3
2900,27,-200,-127,-1444,144,12
2905,40,-192,-142,-1423,108,25
2910,24,-197,-153,-1394,68,28
2915,22,-205,-158,-1372,34,32
2920,22,-194,-164,-1340,13,27
2925,15,-208,-151,-1295,4,17
2930,7,-194,-173,-1247,1,-9
2935,8,-192,-177,-1191,5,-30
2940,7,-198,-175,-1149,10,-53
2945,-6,-212,-162,-1111,14,-72
2950,-21,-192,-163,-1077,21,-91
2955,-28,-193,-173,-1054,26,-103
2960,-26,-196,-179,-1040,33,-114
2965,-37,-191,-177,-1038,37,-113
2970,-43,-201,-180,-1046,36,-114
2975,-39,-202,-181,-1059,31,-103
2980,-42,-206,-176,-1071,20,-91
2985,-31,-203,-184,-1074,15,-77
2990,-34,-207,-175,-1064,16,-67
2995,-32,-202,-164,-1044,23,-53
3000,-9,-202,-173,-1012,38,-42
3005,-24,-202,-168,-975,61,-27
3010,-2,-202,-169,-948,85,-16
3015,-1,-198,-181,-935,109,-5
3020,8,-193,-182,-944,132,1
3025,13,-194,-184,-977,154,4
3030,18,-194,-193,-1021,164,-6
3035,17,-195,-190,-1062,167,-16
3040,20,-195,-187,-1098,168,-30
3045,18,-196,-192,-1122,176,-43
3050,17,-196,-195,-1129,190,-59
3055,15,-194,-198,-1121,205,-71
3060,18,-194,-197,-1097,223,-86
3065,16,-196,-194,-1061,244,-93
3070,7,-192,-190,-1018,265,-107
3075,3,-195,-190,-952,268,-112
3080,-2,-194,-191,-893,262,-120
3085,-10,-194,-190,-836,246,-124
3090,-13,-192,-187,-789,222,-126
3095,-12,-189,-194,-749,200,-125
3100,-23,-187,-197,-722,176,-126
3105,-24,-182,-202,-707,155,-128
3110,-27,-180,-200,-700,136,-128
3115,-28,-185,-188,-699,119,-131
3120,-25,-176,-206,-703,108,-140
3125,-27,-185,-196,-704,103,-145
3130,-35,-177,-202,-700,109,-145
3135,-23,-159,-185,-687,122,-145
3140,-21,-175,-186,-677,138,-145
3145,-19,-171,-188,-665,153,-139
3150,-12,-167,-186,-654,169,-127
3155,-12,-167,-187,-645,184,-114
3160,-6,-164,-190,-643,196,-102
3165,-3,-163,-191,-647,201,-94
3170,1,-162,-192,-663,204,-91
3175,7,-161,-190,-678,204,-89
3180,2,-162,-188,-689,202,-88
3185,13,-157,-191,-697,200,-88
3190,15,-158,-193,-699,199,-89
3195,18,-160,-195,-692,200,-94
3200,19,-159,-195,-677,201,-99
3205,20,-157,-198,-656,199,-108
3210,17,-153,-200,-634,189,-119
3215,19,-153,-201,-606,179,-128
3220,18,-149,-205,-583,168,-140
3225,19,-147,-210,-566,155,-151
3230,23,-130,-225,-552,152,-161
3235,12,-148,-220,-543,157,-173
3240,23,-139,-214,-526,171,-182
3245,12,-134,-216,-500,189,-187
3250,7,-129,-215,-470,205,-183
3255,9,-130,-220,-439,216,-164
3260,11,-134,-202,-409,220,-141
3265,0,-127,-211,-373,215,-110
3270,-4,-122,-206,-325,196,-65
3275,-3,-120,-197,-237,169,-13
3280,5,-124,-205,-86,136,45
3285,16,-128,-232,42,108,84
3290,6,-144,-256,68,94,86
3295,7,-151,-250,19,96,59
3300,1,-156,-259,-53,114,32
3305,-3,-158,-245,-153,136,8
3310,-10,-165,-238,-202,149,9
3315,-5,-164,-226,-180,154,25
3320,-5,-164,-226,-100,152,60
3325,6,-166,-226,-5,148,99
3330,15,-165,-233,62,146,114
3335,13,-166,-233,83,145,103
3340,11,-162,-232,66,142,83
3345,16,-161,-234,43,137,65
3350,19,-159,-236,22,129,54
3355,25,-155,-235,-10,128,43
3360,23,-155,-245,-31,135,36
3365,22,-155,-251,-36,140,35
3370,21,-155,-246,-15,144,39
3375,23,-156,-248,21,145,34
3380,17,-149,-244,52,155,23
3385,12,-154,-241,85,158,11
3390,8,-157,-234,117,153,12
3395,6,-152,-231,149,142,12
3400,7,-151,-226,168,130,19
3405,7,-151,-218,166,121,23
3410,-3,-152,-219,163,109,33
3415,4,-154,-224,162,105,39
3420,10,-150,-220,167,100,52
3425,9,-151,-227,176,96,54
3430,12,-143,-231,187,99,58
3435,17,-138,-211,207,97,57
3440,20,-141,-231,221,101,57
3445,22,-138,-223,239,113,47
3450,21,-131,-222,257,126,47
3455,20,-132,-215,268,133,48
3460,26,-128,-216,264,141,50
3465,21,-133,-210,251,151,47
3470,28,-138,-208,235,153,56
3475,27,-136,-212,211,159,52
3480,33,-134,-205,191,163,46
3485,32,-135,-208,173,169,34
3490,34,-132,-206,156,179,31
3495,33,-132,-204,139,190,19
3500,33,-134,-205,131,198,15
3505,33,-142,-214,128,208,9
3510,30,-135,-205,128,214,15
3515,29,-137,-204,130,224,10
3520,25,-138,-202,136,228,14
3525,24,-138,-198,147,226,16
3530,32,-136,-189,158,215,28
3535,16,-139,-192,171,199,26
3540,15,-137,-194,183,171,28
3545,14,-133,-194,188,150,22
3550,10,-131,-195,184,131,25
3555,8,-132,-195,177,111,11
3560,7,-131,-202,168,87,-2
3565,1,-132,-205,152,61,-16
3570,-1,-132,-205,135,43,-27
3575,-5,-133,-209,117,26,-38
3580,-4,-133,-210,100,17,-46
3585,-3,-136,-210,84,14,-51
3590,-1,-135,-214,73,22,-48
3595,-2,-131,-213,72,28,-51
3600,8,-136,-216,79,27,-49
3605,12,-136,-216,85,30,-58
3610,14,-137,-212,94,25,-68
3615,19,-139,-210,98,20,-80
3620,18,-138,-211,100,15,-85
3625,21,-140,-209,111,7,-106
3630,23,-143,-211,122,7,-124
3635,21,-138,-215,133,11,-131
3640,30,-138,-217,142,25,-128
3645,27,-136,-218,141,50,-134
3650,29,-139,-211,131,66,-125
3655,31,-137,-217,114,74,-105
3660,25,-137,-215,95,92,-94
3665,26,-140,-221,88,96,-89
3670,28,-143,-217,72,95,-72
3675,23,-146,-222,71,95,-80
3680,30,-144,-227,82,82,-78
3685,27,-149,-229,107,88,-77
3690,25,-153,-232,135,90,-81
3695,27,-153,-238,173,86,-88
3700,28,-155,-233,210,87,-95
3705,24,-150,-241,246,93,-86
3710,13,-148,-233,285,104,-86
3715,17,-149,-232,318,104,-79
3720,12,-148,-231,335,107,-67
3725,8,-149,-226,356,102,-65
3730,10,-159,-224,364,97,-59
3735,14,-147,-220,360,95,-53
3740,15,-150,-221,365,98,-46
3745,17,-149,-216,370,96,-42
3750,17,-153,-214,368,101,-34
3755,17,-148,-214,371,99,-36
3760,21,-147,-218,373,97,-33
3765,19,-149,-212,367,101,-22
3770,22,-155,-222,365,106,-27
3775,24,-142,-218,359,108,-34
3780,25,-147,-218,348,119,-22
3785,21,-148,-219,346,138,-14
3790,20,-152,-222,344,151,-16
3795,20,-152,-224,338,156,-16
3800,21,-157,-227,327,159,-13
3805,21,-162,-228,314,155,6
3810,17,-161,-230,313,147,9
3815,22,-166,-229,322,126,24
3820,23,-164,-231,364,115,29
3825,23,-162,-231,408,100,25
3830,27,-168,-230,459,92,31
3835,25,-166,-228,498,87,48
3840,24,-166,-227,532,86,49
3845,25,-164,-224,563,79,48
3850,25,-166,-223,585,74,50
3855,26,-164,-221,597,72,57
3860,25,-169,-218,607,72,61
3865,21,-166,-216,612,74,68
3870,21,-170,-222,625,74,61
3875,23,-170,-221,638,76,60
3880,22,-174,-221,650,77,62
3885,25,-173,-219,664,75,68
3890,27,-173,-220,674,72,76
3895,26,-173,-218,678,69,90
3900,27,-176,-219,686,63,84
3905,31,-177,-220,687,65,81
3910,32,-177,-215,684,78,77
3915,26,-180,-217,681,94,76
3920,28,-187,-217,682,111,75
3925,23,-184,-216,683,124,76
3930,23,-191,-219,689,134,80
3935,21,-190,-223,695,139,86
3940,20,-193,-221,710,135,79
3945,19,-197,-225,729,130,75
3950,17,-196,-222,745,120,73
3955,17,-196,-221,759,106,69
3960,17,-199,-218,763,94,63
3965,17,-200,-221,768,77,58
3970,11,-200,-219,773,56,47
3975,13,-202,-221,781,35,40
3980,17,-203,-220,794,18,30
3985,18,-205,-224,811,5,26
3990,21,-204,-220,834,-3,20
3995,21,-203,-219,853,-11,24
4000,23,-205,-214,873,-23,22
4005,21,-205,-213,897,-34,26
4010,26,-205,-210,919,-42,27
4015,23,-205,-205,943,-48,28
4020,24,-204,-202,967,-51,24
4025,23,-206,-202,987,-50,29
4030,22,-203,-201,1004,-46,27
4035,20,-204,-194,1020,-38,32
4040,16,-203,-192,1036,-33,34
4045,15,-203,-187,1052,-32,45
4050,12,-202,-185,1087,-36,50
4055,13,-202,-182,1122,-43,61
4060,14,-201,-179,1152,-54,62
4065,15,-196,-178,1185,-62,70
4070,15,-196,-177,1219,-65,74
4075,15,-193,-170,1252,-67,85
4080,12,-191,-166,1278,-70,90
4085,10,-193,-162,1306,-71,102
4090,14,-189,-159,1337,-73,113
4095,10,-188,-153,1379,-73,128
4100,8,-186,-152,1415,-72,138
4105,16,-174,-152,1447,-68,155
4110,10,-176,-138,1474,-68,164
4115,5,-170,-140,1489,-68,178
4120,8,-167,-137,1493,-65,185
4125,6,-161,-132,1489,-55,196
4130,5,-162,-129,1479,-46,205
4135,3,-166,-124,1466,-39,218
4140,1,-168,-120,1465,-34,226
4145,0,-162,-117,1482,-41,234
4150,5,-167,-110,1514,-50,237
4155,3,-169,-107,1550,-62,242
4160,3,-170,-104,1591,-79,241
4165,1,-173,-96,1631,-93,247
4170,-1,-170,-86,1684,-102,248
4175,2,-173,-75,1752,-108,252
4180,-4,-167,-71,1822,-110,248
4185,-10,-169,-53,1886,-105,247
4190,-9,-181,-50,1939,-86,254
4195,-2,-216,-49,1973,-46,268
4200,0,-292,-52,1970,23,264
4205,-3,-371,-102,1956,94,249
4210,-7,-435,-146,1896,140,223
4215,-6,-553,-136,1758,166,211
4220,18,-649,-132,1568,197,233
4225,120,-688,-250,1198,220,329
4230,214,-673,-303,416,128,408
4235,170,-673,-250,-75,108,547
4240,63,-646,-200,79,180,747
4245,35,-623,-227,804,15,831
4250,11,-538,-295,1702,-184,768
4255,-8,-415,-317,2556,-283,624
4260,-13,-280,-292,3214,-335,429
4265,-19,-153,-232,3602,-387,248
4270,-9,-52,-148,3732,-405,144
4275,4,21,-68,3626,-264,143
4280,12,60,-14,3347,-36,199
4285,19,96,24,2895,181,270
4290,24,110,41,2285,293,313
4295,12,102,10,1536,300,302
4300,-6,50,-23,683,272,219
4305,-22,-52,-27,-166,248,69
4310,-27,-155,-45,-823,215,-76
4315,-23,-226,-52,-1191,193,-151
4320,-21,-309,-61,-1280,183,-155
4325,-24,-370,-62,-1074,172,-97
4330,-26,-404,-61,-712,162,-22
4335,-32,-413,-58,-249,145,48
4340,-36,-400,-58,220,119,93
4345,-38,-377,-55,603,89,117
4350,-34,-357,-44,850,50,127
4355,-26,-329,-42,968,7,130
4360,-16,-303,-29,1002,-24,120
4365,-13,-282,-20,998,-37,104
4370,-14,-268,-17,968,-36,96
4375,-11,-257,-7,941,-36,96
4380,-10,-242,-3,916,-41,97
4385,-11,-233,4,889,-42,106
4390,-13,-222,11,861,-34,121
4395,-13,-213,12,837,-20,144
4400,-20,-210,8,812,1,168
4405,-23,-208,-3,786,21,179
4410,-32,-212,-13,755,47,181
4415,-38,-213,-23,711,63,175
4420,-42,-223,-30,674,72,159
4425,-43,-230,-36,640,73,137
4430,-46,-236,-31,613,65,115
4435,-47,-241,-35,595,51,98
4440,-41,-250,-37,584,31,89
4445,-38,-251,-38,577,15,83
4450,-37,-253,-38,570,1,78
4455,-35,-257,-34,562,-19,73
4460,-31,-260,-31,554,-48,68
4465,-30,-260,-27,547,-76,61
4470,-20,-262,-24,539,-102,60
4475,-12,-263,-18,531,-119,60
4480,-12,-262,-15,523,-129,63
4485,-6,-261,-18,511,-132,70
4490,-5,-261,-14,495,-129,80
4495,-1,-260,-17,477,-122,88
4500,-1,-260,-15,461,-112,97
4505,-3,-260,-23,443,-92,101
4510,-4,-258,-23,432,-72,103
4515,-5,-257,-31,421,-55,100
4520,-10,-253,-28,416,-46,96
4525,-8,-255,-29,422,-43,86
4530,-9,-250,-24,433,-40,72
4535,-12,-251,-23,443,-38,55
4540,-12,-244,-23,442,-37,40
4545,-12,-239,-24,429,-39,22
4550,-13,-239,-22,403,-46,14
4555,-14,-233,-18,376,-50,4
4560,-13,-234,-11,351,-56,5
4565,-13,-236,-14,328,-62,2
4570,-15,-239,-8,299,-71,7
4575,-16,-237,-13,266,-75,8
4580,-13,-238,-10,235,-74,13
4585,-15,-243,-8,211,-67,13
4590,-17,-247,-14,195,-59,15
4595,-14,-250,-6,183,-46,8
4600,-14,-253,-13,176,-37,7
4605,-14,-254,-9,172,-27,1
4610,-16,-258,-6,171,-21,-2
4615,-15,-260,-4,174,-17,-8
4620,-14,-261,-6,178,-18,-7
4625,-17,-261,3,185,-23,-10
4630,-19,-261,3,193,-31,-8
4635,-19,-258,7,201,-45,-11
4640,-14,-258,1,213,-56,-5
4645,-12,-258,2,223,-63,-4
4650,-12,-253,3,227,-69,3
4655,-12,-253,3,226,-72,5
4660,-10,-251,3,218,-74,11
4665,-8,-246,4,205,-76,11
4670,-8,-248,5,188,-79,15
4675,-5,-247,7,169,-79,13
4680,-3,-247,4,145,-77,14
4685,-8,-246,9,115,-75,11
4690,-6,-249,7,74,-69,14
4695,-4,-249,1,44,-56,13
4700,-4,-252,0,20,-36,15
4705,0,-251,-3,4,-15,13
4710,-2,-248,2,-12,2,14
4715,-1,-253,-2,-29,15,8
4720,-2,-253,-2,-46,23,6
4725,1,-253,-2,-57,27,0
4730,1,-256,-5,-59,25,-1
4735,4,-255,-4,-53,20,-7
4740,2,-259,-3,-42,13,-8
4745,-5,-257,-1,-34,3,-12
4750,-4,-259,1,-24,-6,-13
4755,-3,-259,-3,-19,-12,-17
4760,-5,-259,1,-18,-16,-15
4765,-6,-255,-2,-28,-16,-18
4770,-8,-256,-3,-40,-12,-14
4775,-10,-254,-6,-55,-10,-18
4780,-10,-256,-13,-73,-6,-16
4785,-10,-254,-12,-88,2,-20
4790,-12,-254,-7,-99,9,-19
4795,-11,-256,-12,-105,14,-22
4800,-9,-255,-11,-106,16,-23
4805,-11,-255,-9,-103,17,-29
4810,-11,-253,-14,-103,19,-30
4815,-9,-255,-12,-103,23,-36
4820,-11,-254,-11,-108,28,-39
4825,-11,-254,-9,-124,35,-44
4830,-11,-256,-15,-140,41,-46
4835,-12,-252,-16,-158,45,-52
4840,-12,-255,-17,-171,47,-54
4845,-11,-259,-22,-179,49,-60
4850,-12,-256,-25,-182,51,-61
4855,-14,-258,-18,-177,51,-63
4860,-15,-257,-25,-169,55,-62
4865,-17,-253,-24,-158,57,-59
4870,-15,-252,-23,-145,55,-51
4875,-18,-253,-24,-133,53,-46
4880,-13,-253,-25,-121,49,-39
4885,-12,-253,-21,-116,47,-36
4890,-11,-252,-18,-113,49,-31
4895,-12,-252,-16,-117,50,-31
4900,-9,-255,-11,-121,53,-29
4905,-7,-252,-12,-129,57,-31
4910,-6,-248,-14,-137,61,-30
4915,-2,-251,-15,-147,71,-34
4920,-1,-248,-17,-153,82,-35
4925,1,-249,-13,-156,90,-42
4930,0,-249,-18,-157,95,-46
4935,1,-247,-12,-158,96,-53
4940,0,-248,-10,-161,99,-56
4945,-2,-249,-6,-165,102,-58
4950,-3,-252,-3,-176,106,-57
4955,-2,-252,-6,-186,112,-57
4960,-6,-256,-8,-201,119,-56
4965,-2,-255,-6,-211,128,-55
4970,-7,-254,-7,-223,134,-57
4975,-4,-256,-10,-231,138,-61
4980,-10,-256,-12,-235,134,-66
4985,-10,-257,-8,-235,130,-69
4990,-10,-257,-12,-230,125,-71
4995,-11,-255,-14,-223,121,-70
5000,-10,-255,-19,-215,125,-68
5005,-11,-254,-19,-199,128,-63
5010,-8,-256,-19,-187,126,-57
5015,-8,-253,-21,-172,124,-52
5020,-9,-251,-21,-161,126,-46
5025,-4,-252,-21,-152,125,-40
5030,-7,-251,-23,-147,127,-36
5035,-4,-255,-23,-146,129,-33
5040,-3,-252,-21,-147,129,-31
5045,-3,-255,-20,-150,128,-28
5050,-4,-251,-21,-149,125,-28
5055,-4,-255,-23,-147,124,-26
5060,-9,-254,-18,-143,121,-27
5065,-7,-256,-20,-140,121,-25
5070,-4,-259,-21,-139,121,-28
5075,-7,-258,-18,-140,121,-27
5080,-8,-258,-20,-136,125,-31
5085,-5,-260,-20,-133,131,-31
5090,-7,-257,-25,-130,140,-34
5095,-8,-259,-20,-127,151,-39
5100,-11,-257,-24,-122,158,-45
5105,-9,-256,-23,-119,161,-49
5110,-9,-255,-22,-117,163,-53
5115,-11,-256,-22,-117,160,-52
5120,-10,-255,-25,-119,157,-54
5125,-8,-255,-20,-122,151,-53
5130,-7,-252,-23,-130,147,-55
5135,-7,-252,-22,-136,138,-52
5140,-9,-254,-23,-142,130,-51
5145,-4,-256,-27,-149,122,-44
5150,-6,-250,-23,-155,118,-41
5155,-3,-252,-28,-166,116,-35
5160,-2,-255,-30,-179,116,-31
5165,1,-255,-32,-193,115,-27
5170,2,-254,-36,-206,116,-28
5175,5,-260,-37,-216,118,-27
5180,7,-259,-35,-221,122,-34
5185,4,-258,-39,-225,126,-42
5190,4,-260,-37,-223,130,-48
5195,-1,-258,-40,-221,133,-50
5200,0,-254,-40,-218,137,-55
5205,-3,-258,-39,-214,143,-54
5210,-4,-255,-33,-206,148,-59
5215,-6,-257,-35,-202,151,-54
5220,-6,-253,-36,-202,156,-55
5225,-6,-257,-32,-204,158,-51
5230,-8,-253,-32,-209,160,-48
5235,-10,-254,-33,-218,163,-41
5240,-7,-253,-31,-223,166,-38
5245,-7,-253,-35,-228,168,-30
5250,-8,-251,-36,-232,169,-28
5255,-4,-255,-37,-233,170,-22
5260,-2,-253,-35,-232,170,-23
5265,0,-254,-37,-232,177,-18
5270,-2,-254,-32,-229,179,-18
5275,-2,-252,-39,-226,182,-10
5280,-1,-254,-39,-221,180,-8
5285,-1,-255,-37,-216,176,-2
5290,-3,-255,-37,-210,170,-1
5295,-5,-256,-37,-204,164,6
5300,-6,-258,-41,-198,160,7
5305,-7,-257,-37,-192,157,12
5310,-8,-256,-42,-185,151,10
5315,-6,-258,-41,-180,144,12
5320,-5,-256,-40,-174,139,7
5325,-5,-257,-39,-169,133,6
5330,-4,-255,-40,-168,131,-2
5335,-2,-256,-38,-168,129,-4
5340,-3,-252,-40,-170,124,-11
5345,-1,-254,-41,-170,116,-13
5350,-4,-252,-39,-172,110,-17
5355,-4,-251,-33,-174,102,-14
5360,-3,-254,-36,-176,94,-18
5365,-6,-252,-39,-179,89,-15
5370,-7,-256,-41,-187,85,-17
5375,-8,-255,-41,-191,81,-14
5380,-8,-253,-42,-195,77,-17
5385,-7,-253,-44,-198,75,-14
5390,-6,-255,-43,-198,71,-16
5395,-7,-257,-43,-198,71,-14
5400,-3,-257,-39,-195,70,-15
5405,-3,-256,-46,-192,73,-12
5410,-2,-256,-43,-192,72,-13
5415,-1,-256,-40,-192,73,-10
5420,-1,-257,-44,-193,72,-13
5425,-2,-254,-47,-197,70,-9
5430,-3,-255,-47,-198,66,-8
5435,-3,-255,-44,-197,59,-3
5440,-3,-259,-43,-195,51,-3
5445,-6,-257,-47,-190,42,0
5450,-5,-254,-45,-183,36,1
5455,-3,-255,-43,-175,31,3
5460,-3,-256,-49,-169,27,3
5465,-5,-256,-48,-167,25,3
5470,-4,-256,-48,-166,23,0
5475,-5,-256,-46,-171,23,-3
5480,-8,-253,-47,-172,21,-8
5485,-2,-255,-46,-174,19,-9
5490,-5,-254,-50,-174,19,-13
5495,-5,-254,-51,-171,20,-15
5500,-2,-257,-51,-165,20,-17
5505,-5,-254,-54,-155,20,-14
5510,-5,-253,-50,-145,16,-11
5515,-6,-254,-50,-135,10,-5
5520,-5,-253,-52,-123,5,-3
5525,-7,-250,-52,-113,-2,4
5530,-5,-254,-54,-104,-8,8
5535,-6,-252,-52,-97,-12,12
5540,-8,-252,-53,-90,-18,13
5545,-10,-254,-55,-84,-22,13
5550,-11,-253,-49,-75,-27,11
5555,-11,-254,-50,-68,-29,11
5560,-11,-252,-51,-64,-30,10
5565,-10,-251,-50,-59,-29,9
5570,-11,-252,-52,-54,-25,9
5575,-9,-252,-52,-53,-23,11
5580,-7,-254,-52,-51,-21,13
5585,-10,-256,-50,-50,-18,16
5590,-7,-257,-47,-46,-19,19
5595,-7,-257,-51,-42,-20,22
5600,-6,-255,-47,-37,-22,24
5605,-5,-256,-51,-32,-24,24
5610,-7,-254,-52,-28,-27,23
5615,-7,-256,-51,-22,-28,21
5620,-5,-256,-48,-17,-28,20
5625,-6,-254,-50,-12,-26,19
5630,-5,-254,-55,-11,-24,20
5635,-4,-254,-51,-11,-19,20
5640,-6,-250,-52,-16,-15,19
5645,-4,-252,-51,-21,-11,17
5650,-4,-253,-49,-29,-4,16
5655,-5,-249,-49,-35,3,14
5660,-5,-252,-50,-41,10,12
5665,-2,-250,-47,-48,20,8
5670,-4,-251,-48,-54,30,6
5675,-3,-255,-51,-56,38,4
5680,-5,-253,-50,-59,45,2
5685,-5,-257,-48,-59,48,-1
5690,-10,-253,-50,-58,47,-4
5695,-6,-254,-48,-56,50,-6
5700,-5,-255,-50,-54,52,-5
5705,-7,-252,-54,-51,53,-4
5710,-8,-255,-54,-47,54,-4
5715,-9,-254,-54,-40,53,-4
5720,-9,-256,-52,-33,51,-4
5725,-8,-256,-54,-26,51,-2
5730,-10,-252,-50,-17,50,-1
5735,-11,-255,-46,-8,52,-2
5740,-5,-254,-51,-2,53,1
5745,-6,-253,-46,3,56,0
5750,-4,-254,-48,7,56,4
5755,-6,-255,-47,9,58,3
5760,-6,-252,-49,12,57,7
5765,-3,-253,-47,9,56,6
5770,-5,-253,-46,5,56,8
5775,-4,-255,-46,0,58,7
5780,-4,-255,-45,-4,58,8
5785,-6,-256,-42,-5,59,7
5790,-7,-254,-43,-6,56,8
5795,-2,-256,-49,-5,55,5
5800,-6,-257,-48,0,54,6
5805,-4,-255,-49,3,51,4
5810,-1,-254,-50,6,50,5
5815,0,-253,-49,9,48,3
5820,0,-253,-53,9,46,4
5825,0,-254,-51,9,46,0
5830,-2,-254,-51,8,46,2
5835,0,-252,-53,8,47,1
5840,0,-254,-51,7,50,3
5845,-2,-254,-53,3,53,-1
5850,-2,-254,-47,0,54,2
5855,-5,-252,-51,-7,58,1
5860,-4,-252,-48,-10,59,2
5865,-3,-255,-52,-15,61,-2
5870,-4,-253,-52,-19,62,1
5875,-5,-252,-49,-21,60,-2
5880,-8,-255,-50,-26,59,-4
5885,-7,-255,-54,-28,57,-8
5890,-8,-253,-51,-30,56,-7
5895,-7,-253,-52,-32,59,-12
5900,-8,-253,-52,-32,60,-9
5905,-7,-254,-51,-34,63,-11
5910,-8,-251,-50,-34,62,-8
5915,-8,-252,-50,-36,63,-7
5920,-6,-251,-53,-37,61,-4
5925,-5,-248,-50,-37,60,-4
5930,-4,-250,-51,-37,59,1
5935,-4,-250,-52,-39,57,-2
5940,-6,-249,-49,-38,56,0
5945,-3,-251,-46,-40,57,-2
5950,-8,-253,-51,-41,56,-1
5955,-6,-251,-52,-43,55,-7
5960,-5,-254,-49,-44,57,-6
5965,-5,-257,-48,-46,58,-10
5970,-6,-253,-50,-47,61,-8
5975,-6,-256,-48,-48,61,-12
5980,-5,-254,-54,-50,63,-11
5985,-7,-253,-51,-51,65,-13
5990,-7,-254,-50,-51,68,-11
5995,-3,-253,-52,-52,69,-12
6000,-7,-252,-52,-51,71,-9
6005,-4,-251,-54,-49,73,-10
6010,-4,-255,-51,-46,77,-8
6015,-4,-254,-48,-44,78,-11
6020,-7,-252,-51,-43,81,-7
6025,-5,-252,-49,-41,80,-8
6030,-5,-252,-52,-38,80,-5
6035,-6,-253,-53,-35,80,-8
6040,-4,-252,-48,-33,81,-5
6045,-5,-255,-52,-33,79,-8
6050,-3,-250,-54,-32,77,-5
6055,-6,-251,-49,-31,75,-7
6060,-5,-253,-54,-32,75,-4
6065,-3,-252,-50,-33,75,-5
6070,-2,-253,-51,-36,77,-3
6075,-3,-252,-48,-38,79,-5
6080,-4,-251,-51,-41,78,-3
6085,-6,-253,-48,-45,78,-5
6090,-6,-252,-49,-51,80,-5
6095,-5,-254,-54,-52,79,-9
6100,-6,-253,-52,-53,79,-7
6105,-4,-253,-49,-50,79,-11
6110,-4,-252,-49,-51,79,-10
6115,-5,-253,-48,-50,79,-12
6120,-4,-253,-48,-50,79,-11
6125,-6,-253,-50,-51,79,-13
6130,-6,-256,-51,-51,81,-11
6135,-3,-254,-50,-51,81,-12
6140,-4,-253,-53,-48,83,-9
6145,-5,-256,-50,-43,83,-8
6150,-3,-256,-52,-40,81,-5
6155,-4,-254,-49,-36,82,-6
6160,-7,-251,-53,-34,83,-5
6165,-2,-254,-52,-30,82,-6
6170,-3,-252,-52,-28,82,-4
6175,-5,-253,-49,-25,83,-3
6180,-6,-251,-54,-24,81,-3
6185,-4,-252,-51,-23,84,-3
6190,-6,-251,-51,-20,83,0
6195,-6,-251,-54,-18,83,-1
6200,-4,-252,-51,-17,83,1
6205,-5,-253,-50,-13,85,-1
6210,-4,-254,-52,-10,84,-1
6215,-3,-253,-53,-6,84,-1
6220,-7,-252,-52,-3,83,-1
6225,-5,-252,-52,-1,84,0
6230,-6,-252,-53,-2,84,2
6235,-6,-252,-54,-4,84,2
6240,-4,-257,-53,-6,81,2
6245,-7,-256,-53,-5,77,0
6250,-6,-252,-52,-4,75,0
6255,-4,-251,-51,0,71,0
6260,-4,-253,-51,0,69,0
6265,-6,-251,-54,0,69,0
6270,-4,-251,-50,-2,68,0
6275,-3,-251,-53,-5,69,-1
6280,-2,-250,-52,-10,73,-1
6285,-2,-253,-52,-14,74,-1
6290,-5,-249,-52,-16,76,0
6295,-3,-252,-52,-18,78,0
6300,-4,-252,-50,-20,78,1
6305,-3,-253,-52,-20,77,3
6310,-1,-255,-50,-20,76,2
6315,-6,-257,-50,-18,75,4
6320,-5,-258,-54,-16,71,3
6325,-2,-255,-53,-9,70,3
6330,-4,-253,-50,-3,67,2
6335,-3,-256,-55,0,66,2
6340,-6,-250,-55,3,66,-1
6345,-5,-252,-53,4,64,0
6350,-3,-251,-54,6,64,-1
6355,-7,-247,-53,5,64,1
6360,-5,-254,-50,4,66,0
6365,-8,-252,-50,2,67,2
6370,-5,-252,-48,1,70,2
6375,-5,-251,-50,0,69,4
6380,-4,-255,-52,0,70,2
6385,-7,-254,-52,1,68,2
6390,-8,-251,-54,1,66,-1
6395,-6,-257,-47,2,63,0
6400,-5,-253,-51,5,61,-2
6405,-5,-255,-53,6,57,1
6410,-5,-255,-54,6,52,-3
6415,-3,-258,-53,6,48,-1
6420,-6,-255,-54,4,47,-1
6425,-7,-252,-54,3,47,0
6430,-5,-250,-54,3,49,-1
6435,-5,-254,-54,2,52,2
6440,-4,-249,-53,0,55,1
6445,-5,-251,-51,-2,57,3
6450,-4,-251,-53,-2,60,1
6455,-5,-249,-50,-3,62,2
6460,-5,-250,-49,-4,64,1
6465,-7,-250,-49,-4,68,2
6470,-7,-252,-46,-5,69,1
6475,-5,-255,-53,-3,67,4
6480,-5,-255,-52,-5,65,1
6485,-5,-251,-49,-5,64,3
6490,-5,-255,-48,-6,62,1
6495,-3,-255,-48,-8,60,1
6500,-4,-256,-53,-9,60,-2
6505,-7,-250,-50,-11,61,-3
6510,-6,-254,-52,-12,60,-5
6515,-5,-255,-49,-12,60,-2
6520,-6,-254,-48,-11,59,-6
6525,-8,-251,-53,-11,59,-2
6530,-3,-253,-53,-12,58,-4
6535,-4,-253,-49,-14,56,0
6540,-7,-249,-48,-16,55,-2
6545,-7,-251,-52,-18,53,2
6550,-5,-253,-52,-18,52,-2
6555,-7,-255,-54,-17,52,-1
6560,-7,-253,-54,-15,51,-3
6565,-6,-257,-54,-10,52,0
6570,-5,-253,-53,-8,53,-2
6575,-5,-255,-51,-8,52,0
6580,-4,-251,-54,-5,51,-1
6585,-4,-254,-51,-5,51,0
6590,-6,-251,-50,-3,51,-3
6595,-6,-253,-49,-3,50,-1
6600,-4,-256,-52,-1,48,-5
6605,-5,-253,-54,0,48,-3
6610,-8,-255,-54,0,49,-5
6615,-7,-248,-47,1,47,-3
6620,-7,-250,-51,0,48,-6
6625,-7,-251,-52,-2,48,-3
6630,-5,-253,-52,-6,50,-5
6635,-6,-251,-51,-11,48,-3
6640,-8,-251,-49,-17,46,-6
6645,-4,-251,-48,-21,45,-5
6650,-8,-252,-46,-24,43,-8
6655,-5,-252,-52,-25,39,-6
6660,-7,-252,-49,-26,36,-11
6665,-5,-256,-50,-26,34,-8
6670,-9,-252,-48,-24,32,-9
6675,-7,-253,-52,-22,29,-6
6680,-7,-250,-52,-21,26,-10
6685,-7,-256,-50,-22,20,-7
6690,-4,-253,-50,-21,17,-11
6695,-7,-253,-53,-18,13,-11
6700,-9,-251,-52,-17,10,-13
6705,-7,-255,-50,-17,10,-13
6710,-6,-254,-50,-20,8,-16
6715,-8,-251,-54,-20,7,-13
6720,-9,-253,-56,-20,5,-16
6725,-8,-251,-53,-20,2,-13
6730,-9,-257,-52,-19,-5,-16
6735,-10,-254,-46,-17,-12,-15
6740,-11,-254,-51,-14,-19,-17
6745,-9,-252,-50,-10,-24,-15
6750,-10,-251,-53,-6,-30,-16
6755,-10,-251,-47,0,-36,-14
6760,-10,-252,-52,4,-44,-13
6765,-8,-253,-52,7,-51,-9
6770,-7,-249,-52,9,-58,-8
6775,-6,-251,-49,8,-65,-3
6780,-4,-252,-47,4,-71,-3
6785,-5,-250,-47,0,-75,-3
6790,-6,-251,-52,-4,-78,-2
6795,-4,-251,-47,-10,-80,0
6800,-3,-250,-51,-14,-83,0
6805,-2,-253,-50,-17,-84,1
6810,0,-254,-52,-18,-85,1
6815,-3,-250,-50,-14,-84,2
6820,-4,-254,-50,-12,-82,2
6825,1,-255,-52,-8,-81,1
6830,-1,-257,-51,-6,-77,-1
6835,-1,-255,-53,-2,-71,-2
6840,1,-254,-52,2,-66,-2
6845,-2,-251,-51,1,-62,-2
6850,-2,-252,-51,0,-57,-3
6855,0,-250,-52,-5,-51,-3
6860,-2,-254,-51,-8,-46,-4
6865,-3,-253,-49,-9,-40,-2
6870,-3,-252,-53,-8,-37,-2
6875,-1,-253,-52,-7,-32,-1
6880,-3,-254,-53,-5,-29,-1
6885,-2,-255,-53,-3,-24,0
6890,-2,-253,-51,-3,-20,0
6895,-3,-252,-49,-1,-17,-2
6900,-4,-252,-51,0,-11,-1
6905,-3,-258,-53,1,-5,-1
6910,-1,-253,-51,1,0,2
6915,0,-256,-52,4,6,4
6920,-2,-253,-53,6,11,5
6925,-6,-250,-53,6,13,6
6930,-3,-254,-51,5,16,7
6935,-2,-250,-53,6,19,7
6940,1,-256,-53,4,23,7
6945,-4,-254,-50,4,27,7
6950,-3,-254,-54,4,29,7
6955,-6,-254,-52,7,33,6
6960,-5,-253,-49,11,37,5
6965,-2,-253,-53,16,39,5
6970,-4,-256,-48,19,42,8
6975,-2,-255,-54,20,44,6
6980,-5,-251,-50,21,49,7
6985,-6,-252,-51,20,54,5
6990,-8,-250,-53,18,56,8
6995,-8,-250,-52,18,60,6
7000,-4,-253,-52,15,61,8
7005,-4,-254,-50,13,66,9
7010,-5,-254,-45,14,67,10
7015,-4,-254,-51,15,66,8
7020,-8,-251,-49,15,68,9
7025,-6,-254,-47,15,68,8
7030,-3,-254,-45,15,69,8
7035,-6,-255,-48,16,72,5
7040,-3,-253,-47,17,72,7
7045,-7,-257,-48,16,75,5
7050,-7,-255,-45,16,78,4
7055,-8,-254,-47,14,81,2
7060,-9,-255,-48,11,84,2
7065,-4,-257,-46,10,89,-2
7070,-6,-253,-48,9,91,-1
7075,-4,-254,-51,9,93,-3
7080,-5,-254,-50,10,94,0
7085,-5,-252,-51,11,95,1
7090,-1,-251,-48,10,93,2
7095,-2,-253,-49,7,94,4
7100,-1,-252,-48,2,96,6
7105,-5,-248,-48,-3,95,4
7110,-5,-252,-53,-9,95,5
7115,-3,-252,-50,-17,95,1
7120,-7,-253,-50,-21,95,2
7125,-7,-252,-49,-26,93,-2
7130,-6,-254,-50,-30,93,1
7135,-5,-254,-46,-30,93,-2
7140,-4,-253,-46,-28,94,0
7145,-4,-255,-46,-24,94,0
7150,-7,-257,-48,-20,94,2
7155,-6,-258,-52,-16,93,2
7160,-4,-257,-55,-13,91,5
7165,-5,-256,-52,-11,90,3
7170,-4,-255,-52,-9,89,6
7175,-4,-254,-54,-8,89,3
7180,-5,-254,-47,-6,87,6
7185,-5,-253,-54,-3,86,4
7190,-8,-252,-52,-1,85,6
7195,-3,-254,-50,0,83,3
7200,-8,-248,-51,0,84,6
7205,-6,-249,-49,1,83,4
7210,-5,-252,-50,1,84,7
7215,-7,-253,-51,1,86,5
7220,-8,-253,-46,1,85,7
7225,-8,-251,-49,1,87,5
7230,-5,-253,-47,1,86,7
7235,-5,-253,-47,0,88,4
7240,-5,-253,-45,-4,87,6
7245,-3,-254,-48,-9,86,1
7250,-6,-254,-48,-11,83,3
7255,-7,-251,-46,-11,82,0
7260,-6,-253,-47,-11,82,2
7265,-6,-253,-48,-11,81,0
7270,-9,-255,-50,-9,79,2
7275,-7,-254,-51,-7,78,1
7280,-6,-253,-49,-8,78,2
7285,-8,-251,-48,-9,77,-1
7290,-7,-252,-51,-9,79,2
7295,-8,-255,-52,-8,77,0
7300,-6,-253,-51,-9,76,2
7305,-6,-253,-53,-9,75,-1
7310,-6,-255,-49,-9,73,1
7315,-7,-254,-51,-8,72,0
7320,-8,-251,-48,-7,72,2
7325,-7,-256,-51,-8,69,0
7330,-7,-251,-51,-7,68,3
7335,-7,-252,-50,-5,66,2
7340,-6,-253,-52,-3,66,6
7345,-7,-253,-48,-3,64,2
7350,-8,-252,-50,-3,68,3
7355,-5,-254,-51,-3,68,2
7360,-6,-254,-49,-5,70,3
7365,-5,-252,-50,-8,67,2
7370,-10,-253,-47,-7,64,4
7375,-11,-252,-48,-8,65,3
7380,-8,-255,-47,-7,62,6
7385,-6,-254,-51,-3,62,2
7390,-9,-252,-45,-1,62,5
7395,-7,-254,-49,0,61,4
7400,-8,-253,-51,1,60,4
7405,-7,-253,-51,1,58,1
7410,-10,-255,-50,-1,56,2
7415,-10,-252,-52,-2,54,-1
7420,-9,-255,-49,-2,53,0
7425,-6,-255,-50,-1,53,-3
7430,-7,-254,-48,0,54,-2
7435,-6,-255,-50,-1,56,-4
7440,-4,-254,-52,0,56,-4
7445,-7,-253,-50,1,55,-3
7450,-5,-255,-50,-1,55,-2
7455,-6,-254,-48,-1,57,-3
7460,-9,-253,-53,-1,56,-1
7465,-6,-255,-50,-1,58,-2
7470,-5,-253,-50,-1,60,-2
7475,-5,-255,-50,-1,61,-1
7480,-6,-252,-44,0,61,-1
7485,-9,-252,-49,2,59,-1
7490,-5,-251,-49,2,61,1
7495,-7,-252,-52,2,60,3
7500,-7,-256,-46,1,59,4
7505,-7,-253,-48,-2,57,2
7510,-7,-255,-46,-4,56,3
7515,-6,-252,-51,-6,54,1
7520,-7,-256,-46,-6,51,1
7525,-5,-256,-51,-5,48,1
7530,-8,-254,-49,-5,50,-1
7535,-6,-254,-52,-6,49,0
7540,-6,-252,-44,-6,47,0
7545,-4,-253,-50,-5,47,-1
7550,-6,-253,-47,-6,46,-1
7555,-4,-254,-47,-6,48,-2
7560,-7,-251,-50,-9,49,-2
7565,-6,-254,-46,-11,49,-3
7570,-4,-253,-47,-14,51,-3
7575,-5,-256,-50,-15,52,-1
7580,-1,-257,-53,-12,54,-1
7585,-15,-262,-47,-10,56,1
7590,-8,-250,-38,-6,55,1
7595,-7,-253,-46,-3,57,0
7600,-8,-252,-48,-3,57,0
7605,-6,-254,-48,-4,59,0
7610,-7,-251,-50,-6,58,-2
7615,-6,-253,-46,-7,58,-2
7620,-9,-251,-47,-8,58,-3
7625,-6,-256,-48,-8,58,-2
7630,-7,-253,-50,-7,57,-2
7635,-7,-252,-48,-6,59,-1
7640,-8,-253,-51,-5,59,-2
7645,-7,-251,-50,-6,58,-1
7650,-4,-253,-48,-7,61,-2
7655,-8,-253,-49,-6,59,-2
7660,-6,-256,-45,-8,61,-3
7665,-5,-252,-49,-6,61,-2
7670,-6,-253,-47,-5,59,-4
7675,-2,-254,-44,-4,58,-2
7680,-4,-255,-47,-3,59,-3
7685,-6,-252,-49,0,60,-3
7690,-7,-251,-53,0,60,-2
7695,-5,-255,-52,1,62,0
7700,-5,-254,-49,3,65,-2
7705,-5,-254,-50,5,66,0
7710,-5,-253,-48,4,66,-2
7715,-6,-253,-46,3,66,0
7720,-6,-252,-47,4,65,-3
7725,-5,-253,-50,0,64,-2
7730,-5,-254,-53,-1,64,-3
7735,-5,-254,-46,-1,64,-1
7740,-8,-254,-48,-1,63,-3
7745,-8,-254,-50,0,61,0
7750,-7,-253,-50,2,63,-3
7755,-5,-253,-45,2,61,0
7760,-4,-256,-48,4,60,-1
7765,-9,-255,-46,5,59,1
7770,-6,-253,-51,6,59,-2
7775,-6,-256,-48,7,60,-1
7780,-7,-254,-51,6,60,-1
7785,-7,-255,-47,5,60,-1
7790,-8,-254,-50,6,59,-1
7795,-4,-256,-46,5,59,0
7800,-4,-254,-49,3,59,-2
7805,-5,-257,-47,1,63,1
7810,-8,-251,-49,0,63,-3
7815,-7,-252,-47,0,63,1
7820,-4,-257,-49,-3,65,-1
7825,-6,-254,-48,-5,64,0
7830,-5,-253,-45,-6,64,-2
7835,-7,-253,-48,-9,66,3
7840,-7,-252,-47,-10,66,1
7845,-7,-252,-49,-13,67,5
7850,-7,-249,-48,-17,69,3
7855,-5,-252,-47,-23,68,5
7860,-4,-251,-46,-28,68,4
7865,-10,-253,-49,-36,69,6
7870,-9,-249,-48,-45,70,5
7875,-10,-250,-42,-52,72,7
7880,-6,-254,-44,-60,74,5
7885,-6,-255,-48,-68,74,8
7890,-6,-253,-46,-76,74,5
7895,-8,-250,-44,-84,75,7
7900,-9,-253,-48,-92,72,4
7905,-5,-251,-48,-96,71,6
7910,-5,-254,-49,-102,69,5
7915,-6,-254,-48,-106,68,9
7920,-3,-250,-52,-109,66,8
7925,-7,-253,-48,-111,68,10
7930,-7,-252,-51,-114,68,8
7935,-7,-255,-48,-114,68,11
7940,-8,-255,-52,-108,66,6
7945,-5,-255,-51,-99,65,8
7950,-10,-254,-50,-85,67,3
7955,-6,-257,-50,-68,68,5
7960,-4,-259,-50,-54,66,2
7965,-9,-256,-53,-39,65,4
7970,-7,-255,-53,-24,63,1
7975,-7,-256,-49,-12,62,4
7980,-6,-256,-52,-2,61,3
7985,-5,-254,-52,5,59,6
7990,-8,-255,-52,11,59,6
7995,-8,-252,-51,14,59,8
8000,-7,-254,-53,14,60,6
8005,-8,-250,-51,13,60,8
8010,-9,-249,-52,14,57,7
8015,-7,-253,-52,14,58,9
8020,-7,-252,-49,13,57,7
8025,-10,-251,-50,14,57,8
8030,-8,-253,-50,14,56,8
8035,-7,-251,-48,12,55,9
8040,-8,-253,-51,12,54,7
8045,-7,-252,-50,9,54,8
8050,-9,-251,-47,3,53,6
8055,-4,-255,-47,-3,53,8
8060,-7,-252,-49,-6,53,7
8065,-7,-252,-46,-9,55,7
8070,-5,-253,-48,-12,54,7
8075,-7,-253,-51,-13,54,9
8080,-9,-253,-51,-13,54,8
8085,-7,-254,-50,-14,52,10
8090,-5,-252,-50,-14,53,8
8095,-6,-254,-49,-13,54,8
8100,-8,-254,-52,-13,56,6
8105,-8,-251,-48,-12,57,6
8110,-8,-255,-47,-11,58,3
8115,-5,-254,-52,-9,57,4
8120,-7,-254,-50,-11,59,3
8125,-6,-255,-53,-10,60,5
8130,-5,-254,-50,-12,59,5
8135,-8,-252,-48,-13,60,8
8140,-7,-252,-51,-14,60,8
8145,-6,-252,-48,-16,60,10
8150,-8,-252,-49,-15,59,9
8155,-9,-250,-50,-16,59,11
8160,-10,-250,-50,-16,57,10
8165,-9,-249,-48,-17,57,8
8170,-4,-253,-47,-18,55,8
8175,-6,-253,-50,-21,54,7
8180,-10,-250,-48,-22,53,5
8185,-5,-255,-46,-22,53,6
8190,-8,-252,-48,-23,51,4
8195,-7,-253,-47,-22,52,5
8200,-8,-256,-48,-19,52,4
8205,-7,-256,-51,-19,52,4
8210,-7,-255,-48,-18,52,5
8215,-11,-254,-52,-16,54,7
8220,-7,-255,-48,-14,53,7
8225,-10,-254,-50,-9,53,4
8230,-8,-255,-49,-6,54,2
8235,-7,-249,-53,-1,56,-5
8240,-6,-252,-47,-2,52,-1
8245,-7,-252,-48,-4,53,4
8250,-8,-250,-47,-6,53,5
8255,-9,-249,-52,-9,52,6
8260,-7,-253,-49,-11,51,8
8265,-8,-253,-48,-13,50,9
8270,-6,-249,-49,-17,49,10
8275,-7,-253,-52,-20,49,10
8280,-5,-251,-51,-24,49,10
8285,-8,-253,-50,-26,50,9
8290,-8,-253,-52,-30,52,10
8295,-6,-255,-53,-28,55,11
8300,-8,-252,-49,-28,57,11
8305,-8,-253,-49,-28,58,8
8310,-8,-253,-50,-27,59,9
8315,-9,-253,-52,-28,58,8
8320,-8,-252,-51,-27,59,8
8325,-7,-254,-53,-27,60,8
8330,-7,-251,-52,-24,58,10
8335,-9,-253,-51,-21,57,11
8340,-5,-260,-50,-18,57,13
8345,-9,-251,-50,-11,57,4
8350,-6,-253,-49,-13,55,13
8355,-7,-253,-50,-15,57,18
8360,-7,-250,-51,-20,58,18
8365,-4,-252,-49,-22,60,13
8370,-4,-253,-49,-24,64,14
8375,-6,-255,-51,-24,64,11
8380,-8,-255,-50,-24,65,12
8385,-8,-256,-51,-22,67,10
8390,-8,-257,-46,-19,69,10
8395,-8,-254,-50,-12,69,9
8400,-10,-254,-50,-6,70,12
8405,-8,-252,-49,3,70,12
8410,-7,-255,-50,10,70,13
8415,-8,-254,-51,13,71,12
8420,-11,-253,-45,14,71,14
8425,-8,-253,-49,14,69,8
8430,-3,-256,-49,12,66,10
8435,-6,-254,-47,11,64,8
8440,-8,-253,-49,13,58,8
8445,-7,-254,-51,16,55,5
8450,-10,-255,-48,21,54,3
8455,-8,-255,-52,25,54,1
8460,-9,-252,-53,26,53,2
8465,-10,-252,-54,25,55,0
8470,-10,-252,-48,20,55,3
8475,-12,-252,-54,13,57,1
8480,-10,-251,-48,9,60,4
8485,-8,-253,-48,6,62,2
8490,-9,-255,-51,3,66,4
8495,-9,-250,-49,0,66,2
8500,-8,-252,-52,1,69,5
8505,-10,-256,-48,1,69,3
8510,-10,-254,-49,2,66,4
8515,-9,-249,-50,3,64,1
8520,-9,-252,-50,3,63,4
8525,-8,-251,-50,3,60,1
8530,-8,-252,-47,2,59,4
8535,-10,-248,-48,0,57,1
8540,-7,-251,-47,1,56,2
8545,-8,-252,-46,-1,54,0
8550,-7,-252,-50,-4,54,0
8555,-8,-247,-46,-9,53,-3
8560,-10,-252,-47,-14,55,-3
8565,-11,-251,-48,-21,58,-5
8570,-9,-252,-52,-26,59,-3
8575,-9,-251,-46,-28,61,-5
8580,-8,-254,-50,-29,64,-3
8585,-5,-254,-49,-29,64,-6
8590,-9,-254,-50,-27,65,-3
8595,-8,-250,-54,-23,65,-6
8600,-6,-253,-49,-20,67,-6
8605,-7,-251,-48,-18,68,-9
8610,-5,-254,-52,-17,69,-10
8615,-6,-252,-53,-13,70,-14
8620,-7,-252,-49,-16,70,-15
8625,-7,-251,-47,-20,71,-21
8630,-6,-252,-48,-27,76,-18
8635,-7,-251,-53,-36,81,-19
8640,-8,-252,-49,-43,85,-15
8645,-8,-254,-46,-51,86,-18
8650,-7,-254,-47,-56,86,-15
8655,-6,-255,-46,-55,85,-14
8660,-8,-252,-50,-50,85,-12
8665,-6,-251,-51,-49,84,-14
8670,-8,-252,-48,-50,85,-10
8675,-7,-250,-49,-52,84,-11
8680,-7,-253,-45,-57,86,-8
8685,-7,-252,-49,-66,89,-11
8690,-8,-251,-45,-74,91,-11
8695,-3,-257,-50,-83,94,-16
8700,-4,-255,-48,-90,97,-18
8705,-5,-251,-49,-97,102,-23
8710,-4,-256,-55,-102,105,-24
8715,-8,-253,-51,-106,111,-28
8720,-3,-251,-50,-112,116,-27
8725,-7,-249,-50,-117,122,-30
8730,-6,-250,-54,-123,128,-27
8735,-8,-248,-54,-130,133,-29
8740,-9,-248,-51,-136,136,-24
8745,-9,-251,-54,-140,139,-24
8750,-11,-249,-50,-142,141,-21
8755,-11,-252,-53,-144,143,-20
8760,-10,-251,-51,-142,144,-18
8765,-8,-251,-53,-138,148,-16
8770,-10,-252,-50,-129,149,-13
8775,-8,-254,-52,-124,148,-14
8780,-9,-251,-49,-120,147,-14
8785,-11,-250,-51,-119,144,-15
8790,-8,-251,-51,-122,141,-17
8795,-11,-249,-50,-131,136,-18
8800,-11,-250,-51,-140,131,-18
8805,-9,-248,-48,-152,123,-21
8810,-8,-250,-51,-166,116,-21
8815,-9,-248,-53,-178,111,-24
8820,-6,-249,-50,-188,110,-24
8825,-8,-248,-49,-199,108,-27
8830,-6,-249,-50,-207,109,-27
8835,-8,-245,-48,-214,110,-29
8840,-7,-244,-49,-224,114,-31
8845,-5,-248,-48,-233,115,-33
8850,-4,-249,-48,-246,118,-36
8855,-6,-247,-51,-261,124,-39
8860,-3,-246,-49,-281,126,-40
8865,-3,-249,-52,-297,129,-43
8870,-5,-250,-50,-312,130,-44
8875,-5,-247,-50,-325,129,-45
8880,-4,-249,-51,-335,129,-47
8885,-3,-248,-50,-345,128,-47
8890,-4,-248,-51,-352,127,-48
8895,-6,-250,-48,-360,125,-48
8900,-7,-252,-51,-372,122,-50
8905,-5,-253,-50,-383,120,-51
8910,-7,-248,-56,-396,118,-50
8915,-9,-251,-53,-410,118,-49
8920,-5,-249,-55,-422,115,-45
8925,-6,-245,-53,-437,111,-43
8930,-7,-247,-55,-451,112,-44
8935,-6,-247,-55,-464,112,-46
8940,-7,-245,-57,-479,109,-51
8945,-6,-247,-59,-495,106,-54
8950,-6,-247,-57,-511,104,-56
8955,-7,-247,-60,-520,101,-60
8960,-8,-244,-60,-529,98,-64
8965,-5,-245,-62,-534,95,-65
8970,-7,-245,-64,-538,99,-65
8975,-8,-242,-64,-547,103,-62
8980,-7,-242,-64,-554,109,-59
8985,-7,-242,-68,-569,117,-57
8990,-7,-243,-66,-588,124,-58
8995,-8,-240,-67,-618,127,-60
9000,-5,-238,-68,-645,127,-60
9005,-9,-239,-69,-668,130,-58
9010,-5,-242,-65,-695,133,-65
9015,-10,-240,-69,-718,132,-64
9020,-7,-243,-73,-741,133,-67
9025,-5,-245,-75,-759,132,-64
9030,-6,-248,-72,-774,136,-66
9035,-9,-241,-73,-787,141,-71
9040,-8,-243,-72,-798,147,-69
9045,-10,-241,-73,-808,149,-66
9050,-8,-242,-78,-819,155,-69
9055,-9,-242,-74,-833,158,-76
9060,-8,-237,-77,-850,160,-88
9065,-11,-239,-78,-867,159,-85
9070,-10,-244,-80,-884,159,-90
9075,-7,-245,-82,-895,157,-89
9080,-8,-241,-87,-905,155,-92
9085,-4,-245,-91,-911,152,-83
9090,-2,-244,-92,-916,158,-88
9095,-2,-244,-94,-913,161,-89
9100,0,-242,-96,-908,163,-92
9105,-2,-241,-101,-903,169,-96
9110,2,-240,-100,-901,176,-93
9115,-6,-243,-103,-903,184,-105
9120,-6,-237,-104,-908,180,-126
9125,0,-238,-107,-918,170,-125
9130,-3,-239,-109,-924,166,-124
9135,-3,-242,-114,-924,166,-130
9140,-1,-241,-115,-915,156,-134
9145,-3,-242,-121,-899,144,-128
9150,-6,-239,-120,-882,133,-130
9155,-6,-232,-123,-867,121,-140
9160,-6,-235,-121,-858,107,-152
9165,-4,-234,-125,-852,95,-149
9170,-1,-230,-123,-845,83,-151
9175,3,-229,-128,-827,65,-137
9180,4,-227,-130,-812,67,-145
9185,5,-227,-127,-799,68,-150
9190,7,-222,-127,-793,68,-168
9195,6,-223,-122,-792,72,-183
9200,9,-221,-123,-798,78,-203
9205,9,-216,-120,-807,90,-200
9210,9,-216,-119,-810,102,-205
9215,15,-222,-126,-800,109,-193
9220,12,-226,-121,-780,112,-182
9225,17,-226,-123,-755,110,-164
9230,22,-226,-123,-733,110,-161
9235,19,-231,-127,-715,110,-155
9240,18,-229,-124,-704,108,-168
9245,22,-230,-127,-694,105,-170
9250,14,-224,-126,-690,113,-177
9255,15,-221,-123,-688,123,-173
9260,19,-213,-129,-691,141,-166
9265,21,-215,-121,-690,162,-157
9270,18,-223,-125,-692,190,-159
9275,20,-227,-122,-694,218,-158
9280,18,-226,-123,-680,235,-161
9285,16,-228,-123,-658,249,-159
9290,18,-224,-127,-639,252,-156
9295,15,-229,-134,-609,268,-169
9300,10,-233,-137,-587,278,-173
9305,13,-236,-133,-570,285,-174
9310,6,-235,-131,-548,296,-184
9315,0,-234,-131,-534,309,-192
9320,2,-236,-135,-525,319,-198
9325,4,-233,-138,-518,329,-198
9330,10,-234,-141,-504,327,-204
9335,8,-233,-143,-481,309,-206
9340,13,-236,-150,-446,280,-210
9345,9,-232,-155,-407,244,-209
9350,8,-226,-151,-362,208,-206
9355,6,-226,-156,-317,180,-203
9360,9,-222,-154,-279,154,-205
9365,14,-222,-160,-247,129,-201
9370,17,-226,-155,-223,110,-198
9375,21,-231,-153,-200,95,-186
9380,22,-238,-150,-183,87,-176
9385,23,-239,-148,-162,85,-160
9390,26,-243,-144,-142,87,-143
9395,28,-237,-136,-122,106,-118
9400,24,-236,-136,-113,132,-97
9405,24,-237,-138,-127,162,-78
9410,19,-236,-138,-153,189,-62
9415,20,-237,-146,-180,217,-48
9420,18,-237,-145,-204,247,-38
9425,18,-238,-151,-224,274,-31
9430,19,-234,-163,-242,293,-24
9435,24,-236,-160,-259,304,-12
9440,27,-237,-164,-277,309,2
9445,28,-237,-164,-308,312,13
9450,26,-241,-173,-347,319,15
9455,24,-243,-172,-396,331,15
9460,25,-243,-174,-444,351,10
9465,23,-240,-169,-490,376,12
9470,25,-237,-168,-537,403,18
9475,26,-241,-168,-584,428,29
9480,29,-249,-170,-627,447,38
9485,26,-246,-173,-666,460,41
9490,23,-243,-182,-703,460,39
9495,23,-239,-180,-732,454,41
9500,23,-237,-195,-767,442,36
9505,18,-231,-200,-814,432,32
9510,22,-240,-206,-864,412,31
9515,28,-249,-220,-907,393,21
9520,33,-249,-225,-938,373,14
9525,38,-251,-237,-951,364,4
9530,36,-243,-240,-952,354,2
9535,48,-243,-243,-951,338,15
9540,41,-232,-244,-949,342,10
9545,42,-228,-245,-948,347,5
9550,35,-221,-238,-944,355,2
9555,33,-217,-236,-947,368,1
9560,30,-213,-232,-961,381,-2
9565,33,-210,-228,-989,386,-6
9570,31,-207,-225,-1023,384,-7
9575,28,-209,-223,-1058,373,-14
9580,30,-215,-222,-1093,360,-17
9585,30,-218,-221,-1116,339,-22
9590,31,-216,-223,-1126,317,-31
9595,36,-214,-224,-1131,298,-40
9600,39,-209,-222,-1137,283,-43
9605,33,-206,-220,-1148,270,-50
9610,32,-201,-222,-1164,258,-57
9615,30,-198,-226,-1186,252,-65
9620,34,-195,-225,-1209,253,-69
9625,37,-193,-217,-1235,252,-73
9630,38,-195,-220,-1257,247,-72
9635,38,-198,-216,-1268,236,-70
9640,37,-196,-213,-1262,224,-62
9645,40,-195,-214,-1244,209,-57
9650,40,-192,-212,-1218,194,-48
9655,43,-188,-208,-1195,181,-46
9660,42,-189,-209,-1173,162,-41
9665,43,-189,-211,-1140,138,-37
9670,38,-187,-208,-1111,110,-35
9675,40,-185,-211,-1071,79,-34
9680,41,-180,-213,-1034,50,-30
9685,44,-177,-210,-1003,29,-28
9690,40,-175,-211,-952,5,-22
9695,43,-174,-214,-893,-17,-23
9700,38,-173,-219,-840,-32,-21
9705,38,-175,-216,-801,-46,-19
9710,38,-167,-221,-736,-69,-14
9715,38,-166,-210,-673,-88,-10
9720,36,-163,-220,-631,-105,3
9725,31,-161,-219,-570,-130,10
9730,32,-166,-223,-522,-157,22
9735,35,-164,-222,-487,-184,25
9740,40,-160,-229,-421,-213,21
9745,39,-159,-229,-359,-243,15
9750,39,-151,-232,-308,-267,12
9755,38,-155,-231,-251,-278,6
9760,34,-149,-229,-212,-280,5
9765,35,-148,-226,-195,-282,3
9770,35,-147,-227,-185,-275,6
9775,36,-146,-226,-173,-269,4
9780,29,-147,-229,-152,-271,13
9785,34,-151,-224,-137,-274,16
9790,32,-148,-219,-122,-280,21
9795,33,-154,-223,-101,-286,17
9800,28,-150,-218,-63,-289,20
9805,23,-154,-216,-34,-297,15
9810,23,-155,-216,-10,-302,9
9815,17,-155,-218,16,-298,5
9820,19,-152,-218,37,-301,4
9825,23,-158,-219,57,-310,0
9830,30,-158,-221,94,-311,1
9835,21,-158,-214,144,-301,3
9840,22,-156,-218,195,-317,6
9845,25,-153,-219,250,-352,-2
9850,32,-155,-215,283,-367,-5
9855,30,-147,-226,314,-372,-9
9860,32,-149,-224,331,-367,-5
9865,29,-145,-219,350,-358,-12
9870,23,-146,-219,377,-346,-24
9875,17,-150,-218,404,-343,-38
9880,13,-152,-222,428,-355,-47
9885,9,-154,-215,443,-376,-73
9890,8,-154,-217,474,-394,-90
9895,9,-158,-216,514,-399,-113
9900,12,-157,-210,561,-400,-123
9905,10,-161,-208,613,-397,-142
9910,10,-157,-209,662,-388,-150
9915,12,-151,-207,692,-377,-154
9920,15,-153,-204,709,-356,-152
9925,19,-150,-202,705,-332,-155
9930,14,-151,-204,682,-303,-150
9935,12,-154,-202,645,-279,-152
9940,10,-154,-201,611,-261,-145
9945,6,-155,-197,582,-249,-139
9950,12,-162,-199,559,-244,-130
9955,12,-166,-196,541,-239,-134
9960,6,-164,-199,534,-227,-137
9965,3,-168,-196,538,-216,-138
9970,2,-166,-196,556,-209,-131
9975,5,-169,-196,570,-203,-125
9980,2,-170,-196,579,-192,-119
9985,2,-173,-196,588,-187,-114
9990,6,-176,-192,593,-184,-111
9995,6,-175,-193,600,-185,-110
10000,5,-176,-195,602,-184,-107
10005,3,-177,-190,590,-173,-106
10010,5,-177,-190,571,-166,-97
10015,4,-178,-190,550,-163,-95
10020,1,-178,-186,535,-164,-88
10025,4,-181,-181,527,-162,-79
10030,0,-182,-184,526,-156,-59
10035,3,-182,-178,531,-155,-52
10040,-1,-182,-177,533,-154,-42
10045,2,-183,-176,528,-154,-31
10050,1,-182,-179,521,-149,-24
10055,1,-181,-178,512,-147,-24
10060,0,-183,-176,509,-147,-14
10065,2,-181,-175,504,-141,-17
10070,4,-185,-178,492,-136,-12
10075,3,-187,-176,480,-127,-21
10080,4,-187,-177,471,-126,-22
10085,1,-190,-176,461,-124,-12
10090,1,-192,-179,449,-122,-5
10095,-1,-193,-178,433,-122,-5
10100,1,-194,-175,417,-128,-2
10105,1,-194,-179,402,-131,6
10110,3,-197,-175,390,-130,18
10115,0,-198,-177,385,-129,20
10120,3,-202,-175,385,-129,30
10125,2,-204,-177,387,-120,28
10130,0,-202,-175,389,-116,27
10135,-3,-205,-173,390,-111,25
10140,-2,-204,-177,387,-104,24
10145,-4,-205,-170,380,-101,22
10150,-3,-209,-174,376,-99,21
10155,0,-205,-170,375,-96,16
10160,-1,-209,-167,374,-92,18
10165,-1,-208,-173,377,-88,18
10170,0,-207,-166,379,-82,14
10175,1,-205,-166,382,-80,12
10180,2,-206,-172,386,-75,13
10185,2,-208,-165,391,-67,13
10190,1,-206,-175,393,-59,11
10195,5,-209,-170,389,-51,3
10200,9,-211,-166,383,-43,-1
10205,10,-211,-170,374,-37,-8
10210,9,-208,-172,367,-33,-14
10215,10,-210,-169,365,-32,-17
10220,8,-210,-172,366,-36,-23
10225,7,-213,-174,368,-40,-27
10230,7,-215,-173,367,-43,-36
10235,6,-212,-175,369,-40,-41
10240,4,-207,-176,372,-34,-47
10245,5,-212,-172,378,-25,-50
10250,3,-213,-170,391,-17,-59
10255,5,-213,-169,399,-12,-66
10260,1,-213,-167,405,-7,-69
10265,2,-212,-165,406,-6,-73
10270,-1,-212,-164,406,-6,-76
10275,-4,-212,-161,401,-5,-81
10280,-5,-215,-162,392,-4,-89
10285,-7,-216,-160,384,-1,-91
10290,-8,-220,-158,379,3,-93
10295,-9,-220,-162,379,3,-93
10300,-9,-224,-163,386,-3,-90
10305,-10,-222,-166,396,-12,-86
10310,-12,-224,-161,412,-27,-83
10315,-11,-224,-163,433,-44,-74
10320,-10,-220,-163,451,-61,-70
10325,-8,-219,-160,470,-77,-66
10330,-6,-218,-158,488,-88,-65
10335,-10,-221,-155,507,-93,-60
10340,-7,-215,-156,527,-95,-55
10345,-6,-217,-151,533,-92,-45
10350,-4,-217,-147,536,-93,-42
10355,-4,-215,-146,540,-96,-37
10360,-5,-214,-143,543,-102,-38
10365,-4,-214,-141,546,-106,-30
10370,-4,-215,-147,542,-110,-31
10375,0,-215,-140,530,-118,-33
10380,-4,-211,-144,525,-128,-35
10385,-3,-213,-139,520,-137,-27
10390,-1,-213,-143,521,-146,-22
10395,1,-215,-138,517,-155,-19
10400,1,-218,-144,517,-158,-20
10405,-2,-216,-143,519,-157,-15
10410,-3,-215,-141,518,-158,-12
10415,1,-214,-137,529,-156,-6
10420,1,-216,-141,561,-151,-6
10425,1,-214,-147,612,-141,-3
10430,2,-205,-152,656,-136,-2
10435,3,-200,-139,648,-138,0
10440,0,-197,-122,647,-134,-6
10445,-2,-196,-122,682,-127,-2
10450,-5,-196,-123,714,-124,-8
10455,-5,-196,-131,716,-121,-8
10460,-4,-196,-133,677,-114,-23
10465,-8,-197,-131,616,-108,-34
10470,-8,-199,-125,565,-111,-45
10475,-10,-203,-121,528,-116,-44
10480,-9,-207,-116,517,-114,-43
10485,-12,-210,-117,524,-107,-39
10490,-12,-210,-118,538,-97,-37
10495,-11,-211,-116,556,-85,-30
10500,-11,-209,-121,573,-75,-32
10505,-10,-209,-120,586,-60,-32
10510,-10,-210,-122,596,-50,-41
10515,-12,-208,-123,593,-48,-38
10520,-10,-208,-120,591,-44,-35
10525,-5,-204,-122,599,-31,-31
10530,-2,-207,-118,612,-19,-34
10535,-5,-201,-122,622,-5,-40
10540,-4,-198,-118,632,1,-50
10545,2,-197,-114,638,9,-43
10550,2,-198,-113,645,12,-44
10555,3,-195,-114,653,11,-39
10560,3,-193,-113,655,14,-30
10565,4,-191,-107,649,11,-28
10570,0,-193,-107,639,0,-32
10575,6,-192,-105,620,-13,-19
10580,5,-196,-106,607,-20,-21
10585,8,-197,-105,594,-22,-18
10590,3,-200,-105,583,-24,-23
10595,2,-199,-100,566,-21,-13
10600,-1,-201,-100,555,-11,-7
10605,-4,-202,-106,550,-2,3
10610,-5,-202,-106,554,4,3
10615,-4,-204,-108,558,7,9
10620,-4,-203,-109,564,14,18
10625,-1,-204,-112,575,29,26
10630,-5,-201,-109,592,46,22
10635,-2,-203,-112,604,58,30
10640,-4,-199,-109,612,67,27
10645,0,-203,-109,621,71,23
10650,-2,-203,-108,623,73,12
10655,-1,-203,-107,619,74,6
10660,-2,-207,-106,607,74,-1
10665,-3,-209,-107,595,72,-1
10670,-3,-210,-110,584,68,-12
10675,-2,-211,-107,571,64,-15
10680,-1,-208,-108,560,64,-16
10685,-1,-213,-108,553,68,-6
10690,1,-209,-106,560,75,-1
10695,1,-208,-105,582,80,2
10700,0,-208,-106,598,82,0
10705,3,-210,-101,605,83,9
10710,5,-209,-104,625,91,8
10715,0,-212,-107,634,97,6
10720,2,-207,-111,629,102,3
10725,4,-211,-115,614,111,3
10730,5,-211,-110,598,121,-4
10735,6,-212,-112,582,130,-8
10740,3,-207,-109,572,140,-20
10745,4,-211,-106,571,146,-23
10750,3,-207,-96,577,149,-24
10755,4,-208,-97,594,148,-24
10760,5,-207,-98,615,143,-22
10765,2,-206,-93,629,137,-16
10770,1,-206,-95,638,132,-9
10775,2,-205,-99,638,129,6
10780,0,-205,-102,631,129,16
10785,2,-206,-100,618,130,27
10790,0,-200,-105,607,135,38
10795,1,-198,-101,591,144,52
10800,3,-199,-104,574,159,63
10805,-2,-201,-102,553,173,71
10810,-2,-198,-102,528,182,73
10815,1,-202,-96,501,188,78
10820,0,-204,-92,470,190,79
10825,1,-206,-95,433,188,80
10830,0,-206,-92,387,183,78
10835,-2,-206,-94,353,179,80
10840,-2,-212,-94,326,176,80
10845,2,-211,-94,303,168,85
10850,-1,-213,-95,292,169,93
10855,-1,-216,-98,292,180,105
10860,-4,-216,-91,293,188,111
10865,-3,-218,-94,289,181,116
10870,0,-219,-94,283,166,118
10875,2,-221,-95,268,153,116
10880,0,-226,-97,252,151,110
10885,1,-227,-92,232,152,101
10890,3,-232,-92,211,152,94
10895,2,-236,-93,193,152,88
10900,1,-237,-96,173,154,80
10905,1,-239,-96,162,154,72
10910,0,-240,-96,155,156,65
10915,2,-242,-98,157,160,59
10920,2,-244,-90,167,169,53
10925,0,-244,-89,181,175,47
10930,0,-248,-88,200,182,44
10935,-1,-251,-87,219,184,37
10940,-2,-248,-88,234,181,34
10945,-7,-244,-86,247,169,29
10950,-11,-243,-89,260,151,26
10955,-10,-244,-93,267,127,19
10960,-12,-243,-88,272,106,15
10965,-11,-244,-83,267,84,9
10970,-12,-243,-83,261,66,4
10975,-12,-245,-80,255,52,-3
10980,-15,-245,-77,248,40,-7
10985,-14,-246,-77,242,32,-12
10990,-15,-245,-76,240,25,-12
10995,-12,-248,-77,240,17,-14
11000,-16,-244,-77,252,8,-10
11005,-13,-243,-79,276,-1,-2
11010,-12,-243,-78,312,-10,8
11015,-12,-241,-77,343,-18,12
11020,-10,-237,-78,363,-27,21
11025,-10,-233,-76,369,-38,29
11030,-6,-230,-78,362,-49,35
11035,-1,-231,-77,344,-56,34
11040,-2,-228,-81,318,-58,39
11045,4,-226,-85,288,-49,41
11050,9,-224,-83,254,-33,45
11055,13,-223,-88,207,-9,45
11060,17,-224,-84,166,12,46
11065,18,-227,-82,122,34,46
11070,17,-231,-85,78,57,48
11075,21,-238,-84,33,78,40
11080,21,-239,-84,-14,99,35
11085,18,-243,-82,-62,120,28
11090,18,-248,-82,-104,136,24
11095,16,-251,-81,-139,152,16
11100,13,-260,-79,-168,160,12
11105,9,-261,-78,-178,164,6
11110,8,-265,-75,-174,169,5
11115,6,-267,-76,-157,171,4
11120,1,-265,-72,-123,173,7
11125,4,-266,-68,-77,180,6
11130,0,-263,-70,-22,190,6
11135,-2,-261,-69,37,200,-1
11140,-2,-255,-68,92,213,-8
11145,-4,-254,-68,148,228,-15
11150,-3,-249,-65,178,241,-19
11155,-6,-244,-63,197,253,-23
11160,-3,-239,-62,201,263,-23
11165,-4,-242,-63,190,269,-27
11170,-6,-239,-59,168,270,-23
11175,-8,-237,-64,142,268,-22
11180,-4,-237,-59,113,262,-11
11185,-7,-237,-63,84,251,-1
11190,-7,-238,-62,51,237,7
11195,-8,-238,-65,30,221,13
11200,-7,-237,-65,9,204,21
11205,-7,-240,-68,-11,192,21
11210,-6,-243,-67,-33,180,27
11215,-5,-242,-64,-53,174,30
11220,-7,-245,-65,-67,169,30
11225,-6,-248,-63,-77,163,21
11230,-4,-249,-66,-83,155,18
11235,-7,-251,-61,-84,151,17
11240,-6,-253,-61,-81,146,19
11245,-8,-255,-64,-76,141,16
11250,-7,-256,-65,-69,134,19
11255,-5,-258,-66,-63,128,18
11260,-7,-258,-68,-64,119,19
11265,-6,-256,-65,-68,110,18
11270,-9,-256,-68,-68,103,24
11275,-5,-258,-68,-66,95,23
11280,-6,-257,-66,-58,90,28
11285,-4,-258,-68,-46,90,30
11290,-2,-256,-67,-36,90,36
11295,-3,-252,-65,-22,90,37
11300,-1,-253,-62,-9,91,41
11305,0,-251,-62,1,91,41
11310,-1,-250,-62,12,91,45
11315,0,-249,-62,17,88,43
11320,2,-250,-63,17,85,46
11325,-1,-251,-59,12,84,41
11330,1,-252,-60,6,81,42
11335,1,-253,-61,-2,82,39
11340,-5,-249,-64,-8,82,39
11345,0,-251,-63,-14,83,37
11350,-3,-252,-60,-14,87,37
11355,-5,-253,-58,-12,89,28
11360,-3,-250,-58,-13,91,28
11365,-5,-250,-56,-10,91,25
11370,-4,-253,-57,-3,89,23
11375,-6,-251,-59,5,85,16
11380,-5,-249,-56,14,83,16
11385,-6,-252,-57,20,82,13
11390,-7,-250,-59,25,82,14
11395,-3,-247,-58,24,84,12
11400,-5,-247,-56,19,86,13
11405,-5,-247,-57,9,92,14
11410,-4,-245,-59,-6,97,16
11415,-5,-244,-58,-19,102,14
11420,-5,-244,-61,-34,107,17
11425,-7,-245,-61,-50,110,20
11430,-5,-243,-61,-65,113,24
11435,-5,-245,-64,-75,114,26
11440,-4,-245,-61,-82,118,26
11445,-3,-249,-63,-93,121,25
11450,-4,-247,-62,-97,123,27
11455,-6,-250,-64,-97,127,22
11460,-5,-250,-67,-98,129,18
11465,0,-253,-63,-102,130,12
11470,-3,-256,-64,-108,133,9
11475,-4,-254,-65,-117,133,5
11480,-3,-255,-67,-124,134,1
11485,-3,-256,-65,-130,133,-3
11490,-3,-255,-64,-137,130,-7
11495,-6,-257,-67,-137,128,-11
11500,-4,-255,-70,-133,122,-11
11505,-3,-255,-65,-125,118,-12
11510,-7,-255,-64,-114,114,-13
11515,-1,-255,-65,-101,110,-12
11520,-5,-252,-67,-86,110,-11
11525,-6,-255,-65,-69,109,-11
11530,-7,-255,-66,-50,108,-11
11535,-5,-254,-65,-33,109,-8
11540,-8,-248,-61,-18,112,0
11545,-6,-251,-66,-1,118,3
11550,-7,-250,-66,4,122,6
11555,-7,-248,-68,2,125,6
11560,-6,-250,-70,-6,125,6
11565,-6,-248,-67,-17,123,6
11570,-6,-248,-67,-30,118,4
11575,-7,-250,-66,-42,112,2
11580,-6,-250,-62,-48,105,-1
11585,-7,-248,-63,-49,100,-3
11590,-6,-249,-63,-49,96,-5
11595,-6,-249,-62,-48,92,-8
11600,-8,-249,-67,-45,88,-11
11605,-6,-251,-64,-39,85,-11
11610,-4,-250,-63,-33,84,-13
11615,-3,-251,-65,-30,84,-9
11620,-3,-249,-68,-27,83,-7
11625,-4,-249,-66,-26,81,-5
11630,-4,-248,-66,-26,77,-3
11635,-4,-250,-68,-26,72,-2
11640,-1,-248,-68,-26,67,-1
11645,-3,-250,-70,-27,64,0
11650,0,-251,-68,-28,62,-2
11655,-1,-250,-68,-30,61,-2
11660,-2,-251,-70,-28,61,-8
11665,0,-247,-66,-24,60,-9
11670,-3,-248,-70,-20,61,-14
11675,-3,-247,-67,-14,63,-14
11680,-2,-246,-68,-8,63,-16
11685,-2,-247,-66,-4,64,-16
11690,-4,-244,-68,-4,64,-18
11695,-7,-246,-65,-10,64,-17
11700,-6,-243,-71,-23,61,-20
11705,-5,-246,-61,-39,61,-17
11710,-5,-246,-67,-58,60,-18
11715,-8,-246,-66,-76,58,-13
11720,-6,-249,-68,-93,56,-11
11725,-7,-247,-64,-109,55,-10
11730,-6,-254,-69,-118,54,-11
11735,-8,-252,-66,-118,52,-8
11740,-10,-250,-68,-111,53,-9
11745,-5,-251,-71,-99,54,-5
11750,-7,-249,-67,-85,55,-6
11755,-6,-248,-67,-73,58,-4
11760,-8,-247,-66,-64,56,-5
11765,-8,-249,-69,-60,51,-5
11770,-3,-248,-64,-60,45,-7
11775,-4,-247,-50,-65,39,-11
11780,-17,-254,-63,-70,33,-19
11785,-6,-246,-73,-75,27,-22
11790,-9,-245,-71,-81,24,-28
11795,-11,-249,-70,-87,21,-26
11800,-8,-250,-69,-91,19,-29
11805,-7,-249,-70,-93,15,-25
11810,-8,-247,-69,-94,14,-26
11815,-7,-248,-68,-91,14,-22
11820,-7,-249,-68,-90,16,-22
11825,-4,-249,-66,-90,20,-18
11830,-5,-250,-69,-95,23,-19
11835,-9,-245,-72,-101,28,-16
11840,-4,-248,-69,-110,33,-18
11845,-5,-250,-63,-116,36,-15
11850,-6,-249,-69,-121,38,-18
11855,-5,-250,-67,-126,42,-15
11860,-3,-250,-68,-124,46,-16
11865,-6,-248,-67,-121,49,-15
11870,-1,-252,-68,-115,50,-17
11875,-1,-251,-73,-112,49,-14
11880,-4,-248,-71,-110,46,-20
11885,-4,-249,-74,-109,42,-20
11890,-4,-248,-71,-106,39,-24
11895,-5,-246,-74,-105,38,-21
11900,-2,-252,-74,-99,38,-21
11905,-4,-248,-72,-94,35,-18
11910,-4,-248,-70,-86,35,-19
11915,-6,-248,-76,-84,34,-15
11920,-5,-249,-73,-84,36,-14
11925,-2,-252,-73,-83,41,-12
11930,-7,-250,-69,-81,44,-16
11935,-5,-251,-70,-78,44,-14
11940,-5,-249,-71,-74,43,-15
11945,-4,-249,-75,-65,42,-12
11950,-2,-250,-76,-58,42,-14
11955,-4,-248,-77,-52,42,-12
11960,-2,-247,-78,-47,43,-13
11965,-2,-248,-74,-44,44,-10
11970,-4,-248,-76,-44,46,-11
11975,-3,-246,-73,-45,47,-6
11980,-2,-249,-74,-45,45,-7
11985,-1,-251,-73,-45,45,-3
11990,-4,-245,-73,-44,46,-3
11995,-3,-248,-70,-42,49,1
